{
"description": "HIV-1 CA pseudo-atomic capsid -- per-capsomer instance transforms",
"frame": "Angstrom; world = R @ canonical_template + t",
"hexamer_template": "RCSB 3H47 (canonical: centroid origin, axis +z, NTD out)",
"pentamer_template": "RCSB 3P05 (canonical)",
"spacing_A": 95.5,
"azimuth_deg": 30.0,
"cage": "cage_7_best.json",
"mesh_surface_obj": "cage_7_surface.obj",
"n_capsomers": 210,
"capsomers": [
{
"id": "P001",
"type": "pent",
"R": [
[
-0.793602238,
0.398393961,
0.45986709
],
[
-0.304401671,
0.39445047,
-0.867034284
],
[
-0.526816012,
-0.828064658,
-0.191764988
]
],
"t": [
261.15468,
-246.39747,
-93.00895
]
},
{
"id": "P002",
"type": "pent",
"R": [
[
0.176196624,
-0.976296186,
-0.125700068
],
[
-0.77128675,
-0.057584646,
-0.633877557
],
[
0.611613847,
0.208637882,
-0.763150533
]
],
"t": [
-102.82145,
-182.28641,
-292.61505
]
},
{
"id": "P003",
"type": "pent",
"R": [
[
-0.169147107,
-0.800414054,
0.57508834
],
[
-0.970267029,
0.237724018,
0.045488288
],
[
-0.173121776,
-0.550295042,
-0.816825696
]
],
"t": [
319.96708,
-10.80411,
-230.56405
]
},
{
"id": "P004",
"type": "pent",
"R": [
[
0.062984352,
0.113407007,
0.991550212
],
[
-0.990946339,
-0.11092779,
0.075633186
],
[
0.118567807,
-0.987336759,
0.105393543
]
],
"t": [
426.1245,
19.0486,
-42.8294
]
},
{
"id": "P005",
"type": "pent",
"R": [
[
0.243659715,
-0.943204754,
0.225820139
],
[
0.875363655,
0.113626229,
-0.469922921
],
[
0.417574442,
0.312176028,
0.853333296
]
],
"t": [
46.59408,
-188.46644,
356.35808
]
},
{
"id": "P006",
"type": "pent",
"R": [
[
-0.543422852,
0.818176706,
-0.187825668
],
[
-0.531771752,
-0.508641871,
-0.677127943
],
[
-0.649546309,
-0.268086413,
0.711490877
]
],
"t": [
-107.02706,
-247.01348,
307.28506
]
},
{
"id": "P007",
"type": "pent",
"R": [
[
-0.407029936,
0.062085973,
-0.911302344
],
[
0.841410231,
0.413746054,
-0.347624834
],
[
0.355465123,
-0.90827283,
-0.220646803
]
],
"t": [
-353.3919,
-146.53503,
-77.02177
]
},
{
"id": "P008",
"type": "pent",
"R": [
[
-0.838329996,
-0.542937998,
-0.049205161
],
[
-0.50804851,
0.745334747,
0.431697611
],
[
-0.19771072,
0.386903665,
-0.900675316
]
],
"t": [
-93.40867,
197.85553,
-343.81637
]
},
{
"id": "P009",
"type": "pent",
"R": [
[
0.348037218,
0.782924701,
0.515653962
],
[
-0.577996662,
-0.253856711,
0.775549243
],
[
0.738098878,
-0.567966269,
0.36417628
]
],
"t": [
246.9745,
277.90083,
87.34507
]
},
{
"id": "P010",
"type": "pent",
"R": [
[
-0.993576318,
-0.032560936,
-0.108378442
],
[
-0.026231422,
-0.865358326,
0.500466662
],
[
-0.11008185,
0.500094744,
0.858945419
]
],
"t": [
-100.65971,
166.55791,
330.80144
]
},
{
"id": "P011",
"type": "pent",
"R": [
[
0.485788599,
-0.008418307,
-0.874035794
],
[
0.414765994,
0.882424452,
0.222027602
],
[
0.76940146,
-0.470378803,
0.432163366
]
],
"t": [
-302.26296,
76.46874,
200.43924
]
},
{
"id": "P012",
"type": "pent",
"R": [
[
0.851050342,
0.300112265,
-0.430866503
],
[
0.480537322,
-0.114394012,
0.869481392
],
[
0.211653482,
-0.947019872,
-0.241570207
]
],
"t": [
-196.3213,
294.49914,
-167.89875
]
},
{
"id": "H001",
"type": "hex",
"R": [
[
0.121417673,
-0.959849201,
0.252877953
],
[
-0.167223233,
-0.270901694,
-0.947970813
],
[
0.978414094,
0.072813341,
-0.19340134
]
],
"t": [
105.30659,
-293.02239,
-73.20159
]
},
{
"id": "H002",
"type": "hex",
"R": [
[
0.661641603,
0.624028105,
0.415715423
],
[
0.352901486,
0.230017612,
-0.906946768
],
[
-0.661582142,
0.746780304,
-0.068031224
]
],
"t": [
198.87164,
-271.34998,
-36.08926
]
},
{
"id": "H003",
"type": "hex",
"R": [
[
-0.001338286,
-0.942929014,
0.332991115
],
[
-0.347863723,
-0.311755459,
-0.884194189
],
[
0.937544153,
-0.117018834,
-0.32759358
]
],
"t": [
174.94186,
-257.92875,
-128.3475
]
},
{
"id": "H004",
"type": "hex",
"R": [
[
0.253621663,
-0.911260617,
0.324469012
],
[
0.156098429,
-0.292483226,
-0.943444139
],
[
0.954625231,
0.289926974,
0.068066268
]
],
"t": [
129.35642,
-290.40462,
23.80678
]
},
{
"id": "H005",
"type": "hex",
"R": [
[
-0.916122237,
0.341948485,
0.209263661
],
[
-0.014037073,
0.494305573,
-0.869174874
],
[
-0.400653225,
-0.799207879,
-0.448044372
]
],
"t": [
86.79908,
-258.94047,
-160.65453
]
},
{
"id": "H006",
"type": "hex",
"R": [
[
-0.804303599,
0.319151312,
0.501236631
],
[
-0.542025967,
-0.048350457,
-0.838969657
],
[
-0.243523246,
-0.946469584,
0.211876745
]
],
"t": [
233.49195,
-251.01785,
50.57625
]
},
{
"id": "H007",
"type": "hex",
"R": [
[
0.93291071,
-0.326040835,
0.152888787
],
[
0.119425557,
-0.120416293,
-0.985513801
],
[
0.339728044,
0.937655208,
-0.073400041
]
],
"t": [
35.70021,
-310.89208,
-14.00774
]
},
{
"id": "H008",
"type": "hex",
"R": [
[
-0.72227555,
-0.566205041,
0.397152214
],
[
-0.561193622,
0.144200231,
-0.815026387
],
[
0.404202608,
-0.811552922,
-0.421902959
]
],
"t": [
248.87789,
-212.84381,
-174.64877
]
},
{
"id": "H009",
"type": "hex",
"R": [
[
0.780153824,
-0.26319516,
0.567528254
],
[
0.552417408,
-0.135913705,
-0.822412592
],
[
0.293589881,
0.955120816,
0.039359992
]
],
"t": [
290.29788,
-218.66225,
-18.76422
]
},
{
"id": "H010",
"type": "hex",
"R": [
[
0.778608645,
0.618567677,
0.105558548
],
[
0.266069375,
-0.173083842,
-0.948287442
],
[
-0.568309481,
0.766430697,
-0.29934649
]
],
"t": [
16.79741,
-299.16267,
-109.91346
]
},
{
"id": "H011",
"type": "hex",
"R": [
[
-0.671587499,
-0.696292619,
0.253272224
],
[
-0.57732402,
0.277518688,
-0.767906474
],
[
0.464399835,
-0.661936527,
-0.588364536
]
],
"t": [
154.50181,
-210.34701,
-207.72041
]
},
{
"id": "H012",
"type": "hex",
"R": [
[
0.674614121,
0.599719821,
0.430385785
],
[
0.110260153,
0.494635893,
-0.862077741
],
[
-0.729889366,
0.62902422,
0.267563158
]
],
"t": [
161.46338,
-261.22876,
109.42988
]
},
{
"id": "H013",
"type": "hex",
"R": [
[
0.230187642,
-0.941161487,
0.247444347
],
[
0.173906221,
-0.21039572,
-0.962024047
],
[
0.957481214,
0.264478158,
0.115243343
]
],
"t": [
61.05744,
-309.70458,
84.76636
]
},
{
"id": "H014",
"type": "hex",
"R": [
[
-0.185132899,
-0.795520228,
0.576951798
],
[
-0.338367556,
-0.499598591,
-0.797438804
],
[
0.922623004,
-0.342853927,
-0.176686099
]
],
"t": [
314.9587,
-185.51554,
-103.19264
]
},
{
"id": "H015",
"type": "hex",
"R": [
[
0.072244923,
-0.992275923,
0.100842272
],
[
-0.510280965,
-0.123644392,
-0.851073088
],
[
0.856967915,
0.010027818,
-0.515272195
]
],
"t": [
1.51731,
-265.56754,
-198.53839
]
},
{
"id": "H016",
"type": "hex",
"R": [
[
0.172858889,
-0.963025925,
0.206641896
],
[
-0.635079868,
-0.269339902,
-0.72396794
],
[
0.752856803,
-0.006089814,
-0.658156173
]
],
"t": [
69.66921,
-214.65166,
-243.5026
]
},
{
"id": "H017",
"type": "hex",
"R": [
[
-0.122222004,
0.715439154,
0.687901591
],
[
-0.572550261,
0.515320338,
-0.637676366
],
[
-0.81070832,
-0.471796319,
0.34664139
]
],
"t": [
300.04225,
-167.1236,
56.01102
]
},
{
"id": "H018",
"type": "hex",
"R": [
[
-0.706091511,
0.356121907,
0.612055525
],
[
-0.70109726,
-0.230146342,
-0.674903914
],
[
-0.099485729,
-0.905654376,
0.412180472
]
],
"t": [
256.78839,
-200.03716,
126.3057
]
},
{
"id": "H019",
"type": "hex",
"R": [
[
0.139403296,
-0.989170192,
0.045924409
],
[
-0.00503203,
-0.047084288,
-0.998878245
],
[
0.990222904,
0.139015827,
-0.011541239
]
],
"t": [
-41.36866,
-325.78386,
36.85188
]
},
{
"id": "H020",
"type": "hex",
"R": [
[
0.757557644,
0.635660142,
0.148467508
],
[
0.027144372,
0.19656991,
-0.980114
],
[
-0.652203649,
0.74652291,
0.131658442
]
],
"t": [
-11.42763,
-337.26757,
122.13732
]
},
{
"id": "H021",
"type": "hex",
"R": [
[
-0.6272667,
-0.706407557,
0.327909821
],
[
-0.716139184,
0.357704658,
-0.599326327
],
[
0.306073777,
-0.610766519,
-0.730262352
]
],
"t": [
224.1051,
-158.34622,
-249.10144
]
},
{
"id": "H022",
"type": "hex",
"R": [
[
-0.649988088,
-0.518375915,
0.555699466
],
[
-0.734901584,
0.242588731,
-0.633301167
],
[
0.193481644,
-0.820022633,
-0.538635067
]
],
"t": [
321.35333,
-155.94516,
-199.2553
]
},
{
"id": "H023",
"type": "hex",
"R": [
[
-0.186665539,
0.604946008,
0.774077712
],
[
-0.444654869,
0.650576614,
-0.615655843
],
[
-0.876035401,
-0.459119153,
0.147551953
]
],
"t": [
363.09482,
-158.88607,
-19.12577
]
},
{
"id": "H024",
"type": "hex",
"R": [
[
-0.840414211,
-0.536895651,
-0.073803892
],
[
-0.144501153,
0.353249124,
-0.924302155
],
[
0.522324967,
-0.766131919,
-0.374457624
]
],
"t": [
-76.51909,
-286.48821,
-147.65173
]
},
{
"id": "H025",
"type": "hex",
"R": [
[
-0.704870031,
-0.666627781,
0.242416255
],
[
-0.667955848,
0.508767218,
-0.54313065
],
[
0.238732536,
-0.544759873,
-0.80389269
]
],
"t": [
130.13351,
-151.3421,
-280.90284
]
},
{
"id": "H026",
"type": "hex",
"R": [
[
0.014857788,
-0.834567385,
0.55070548
],
[
0.507636963,
-0.468210105,
-0.723245472
],
[
0.861442952,
0.290304285,
0.416700686
]
],
"t": [
186.88808,
-219.62444,
186.55611
]
},
{
"id": "H027",
"type": "hex",
"R": [
[
0.556469813,
0.744834569,
0.368188556
],
[
-0.02138493,
0.455829954,
-0.889809945
],
[
-0.830592579,
0.487278687,
0.269583844
]
],
"t": [
88.73526,
-262.55615,
151.28984
]
},
{
"id": "H028",
"type": "hex",
"R": [
[
-0.211970137,
0.976894458,
-0.02731078
],
[
0.184846128,
0.01263589,
-0.982686238
],
[
-0.959635644,
-0.213348429,
-0.183253589
]
],
"t": [
-60.44222,
-309.40563,
-57.10261
]
},
{
"id": "H029",
"type": "hex",
"R": [
[
0.280396794,
-0.918836762,
0.277698834
],
[
0.350332955,
-0.171386269,
-0.920811363
],
[
0.893669099,
0.355479608,
0.273842638
]
],
"t": [
28.08981,
-295.1018,
200.75687
]
},
{
"id": "H030",
"type": "hex",
"R": [
[
0.418657391,
-0.357641002,
0.834756793
],
[
0.383316691,
-0.763704721,
-0.519445294
],
[
0.823282639,
0.537445823,
-0.182640861
]
],
"t": [
383.07612,
-119.57404,
-117.5845
]
},
{
"id": "H031",
"type": "hex",
"R": [
[
0.178967364,
-0.978208802,
-0.105253133
],
[
-0.601836262,
-0.024218248,
-0.798252209
],
[
0.778308291,
0.206206246,
-0.593055805
]
],
"t": [
-91.51883,
-253.44806,
-238.5496
]
},
{
"id": "H032",
"type": "hex",
"R": [
[
0.275711919,
-0.957552512,
0.084119705
],
[
-0.676630252,
-0.255491066,
-0.690576438
],
[
0.682755036,
0.133482218,
-0.71835093
]
],
"t": [
-20.16888,
-201.96929,
-265.59795
]
},
{
"id": "H033",
"type": "hex",
"R": [
[
0.708170643,
0.673355943,
0.21233491
],
[
0.672194089,
-0.551009755,
-0.494513253
],
[
-0.21598483,
0.49293004,
-0.842834817
]
],
"t": [
41.08995,
-139.83356,
-308.72718
]
},
{
"id": "H034",
"type": "hex",
"R": [
[
-0.085005532,
-0.526361394,
0.84600103
],
[
0.684130613,
-0.648127624,
-0.334508426
],
[
0.724388959,
0.550340136,
0.415194377
]
],
"t": [
362.56392,
-96.05974,
54.04174
]
},
{
"id": "H035",
"type": "hex",
"R": [
[
0.179958354,
0.620043891,
0.763649503
],
[
-0.623988939,
0.672093223,
-0.398658381
],
[
-0.760429349,
-0.404766937,
0.50784932
]
],
"t": [
313.22067,
-115.36918,
132.95009
]
},
{
"id": "H036",
"type": "hex",
"R": [
[
-0.514128507,
0.478318469,
0.711957386
],
[
-0.855518594,
-0.226638247,
-0.465535219
],
[
-0.061317319,
-0.848437709,
0.525731528
]
],
"t": [
250.85091,
-136.50832,
200.21114
]
},
{
"id": "H037",
"type": "hex",
"R": [
[
0.164418847,
-0.969195433,
-0.183375722
],
[
-0.122170013,
0.164465158,
-0.978787873
],
[
0.978795653,
0.183334188,
-0.091365447
]
],
"t": [
-137.73159,
-314.11495,
-3.44469
]
},
{
"id": "H038",
"type": "hex",
"R": [
[
0.781283043,
0.613033978,
-0.117414431
],
[
-0.124563323,
-0.0311943,
-0.991721178
],
[
-0.61162144,
0.789440471,
0.051989972
]
],
"t": [
-121.70705,
-325.95318,
87.81467
]
},
{
"id": "H039",
"type": "hex",
"R": [
[
0.949575605,
-0.311888129,
-0.032124225
],
[
0.025677763,
0.179470901,
-0.98342811
],
[
0.312484917,
0.933014464,
0.178429779
]
],
"t": [
-89.38505,
-327.96059,
176.17519
]
},
{
"id": "H040",
"type": "hex",
"R": [
[
-0.520994037,
-0.705023873,
0.481151276
],
[
-0.851811777,
0.465512065,
-0.240239907
],
[
-0.054606855,
-0.535013883,
-0.843076649
]
],
"t": [
286.54466,
-86.2286,
-261.27576
]
},
{
"id": "H041",
"type": "hex",
"R": [
[
-0.299401978,
0.901447247,
0.312652071
],
[
0.895155249,
0.37880336,
-0.234957644
],
[
-0.330235576,
0.209525359,
-0.92034971
]
],
"t": [
192.46137,
-78.89045,
-296.34759
]
},
{
"id": "H042",
"type": "hex",
"R": [
[
0.41253337,
-0.537300486,
0.735611587
],
[
-0.635437995,
-0.748347809,
-0.190247498
],
[
0.652713393,
-0.38895211,
-0.650139587
]
],
"t": [
374.03442,
-71.28779,
-203.6242
]
},
{
"id": "H043",
"type": "hex",
"R": [
[
0.029795395,
-0.289211872,
0.9568013
],
[
0.685313091,
-0.690913637,
-0.230183216
],
[
0.727638785,
0.662566857,
0.177614637
]
],
"t": [
407.51773,
-69.32104,
-31.22333
]
},
{
"id": "H044",
"type": "hex",
"R": [
[
0.749405619,
-0.571255656,
-0.334750943
],
[
-0.530788466,
-0.216104871,
-0.819489041
],
[
0.39579644,
0.791811632,
-0.465166118
]
],
"t": [
-172.08046,
-263.44092,
-180.89684
]
},
{
"id": "H045",
"type": "hex",
"R": [
[
0.856229586,
-0.450515292,
-0.252798076
],
[
-0.34560531,
-0.135834053,
-0.928496677
],
[
0.383963364,
0.882374683,
-0.272005612
]
],
"t": [
-155.51928,
-297.41268,
-96.64758
]
},
{
"id": "H046",
"type": "hex",
"R": [
[
-0.324875402,
0.905216116,
0.273933853
],
[
0.896523616,
0.386996817,
-0.215589586
],
[
-0.301166697,
0.175548415,
-0.937273372
]
],
"t": [
101.4422,
-67.35716,
-320.73657
]
},
{
"id": "H047",
"type": "hex",
"R": [
[
-0.802616422,
0.350337747,
0.482773593
],
[
-0.582776943,
-0.287976599,
-0.759895067
],
[
-0.127192428,
-0.891253579,
0.435303509
]
],
"t": [
113.73093,
-229.20971,
241.62174
]
},
{
"id": "H048",
"type": "hex",
"R": [
[
-0.144311348,
-0.76374276,
0.629182987
],
[
0.657937054,
-0.548988253,
-0.515490767
],
[
0.73911641,
0.339571634,
0.581719896
]
],
"t": [
175.74745,
-151.72604,
251.50508
]
},
{
"id": "H049",
"type": "hex",
"R": [
[
0.885261313,
0.366363222,
0.286514217
],
[
-0.053886614,
0.692681013,
-0.71922823
],
[
-0.46196173,
0.621265647,
0.632945777
]
],
"t": [
46.7733,
-262.11357,
283.03583
]
},
{
"id": "H050",
"type": "hex",
"R": [
[
0.332185491,
-0.942811838,
0.027543391
],
[
0.487088914,
0.146465567,
-0.860983291
],
[
0.80771108,
0.299422238,
0.50788693
]
],
"t": [
-47.76605,
-293.11914,
254.73476
]
},
{
"id": "H051",
"type": "hex",
"R": [
[
-0.04043884,
-0.181227573,
0.982609417
],
[
-0.997654866,
0.061673945,
-0.029683194
],
[
-0.055221986,
-0.981505421,
-0.183296593
]
],
"t": [
417.33716,
-29.17453,
-121.46365
]
},
{
"id": "H052",
"type": "hex",
"R": [
[
-0.863085321,
-0.343035629,
-0.370688933
],
[
-0.031148437,
0.768709019,
-0.638839744
],
[
0.50409672,
-0.539826825,
-0.674146495
]
],
"t": [
-185.56363,
-196.89152,
-272.19486
]
},
{
"id": "H053",
"type": "hex",
"R": [
[
-0.4176513,
0.908306125,
0.02339602
],
[
0.803418378,
0.381203813,
-0.457386667
],
[
-0.424365764,
-0.172231344,
-0.888960102
]
],
"t": [
-49.77468,
-132.94295,
-343.86057
]
},
{
"id": "H054",
"type": "hex",
"R": [
[
0.956516803,
-0.22492034,
0.185705267
],
[
-0.190049616,
-0.963575361,
-0.18815862
],
[
0.221261721,
0.144683667,
-0.964422048
]
],
"t": [
14.86146,
-56.77236,
-350.139
]
},
{
"id": "H055",
"type": "hex",
"R": [
[
0.528994308,
0.0070146,
0.848596381
],
[
0.153652572,
0.982646651,
-0.103905945
],
[
-0.83459925,
0.18535467,
0.518736675
]
],
"t": [
346.86218,
-24.14067,
116.65109
]
},
{
"id": "H056",
"type": "hex",
"R": [
[
0.343253086,
-0.038088215,
0.938470355
],
[
0.156366041,
0.987550931,
-0.017111967
],
[
-0.926135509,
0.15261863,
0.344935608
]
],
"t": [
399.69582,
-3.58761,
40.08566
]
},
{
"id": "H057",
"type": "hex",
"R": [
[
0.217070384,
0.563622075,
0.797001007
],
[
-0.826375466,
0.540702753,
-0.157302647
],
[
-0.519599883,
-0.624476332,
0.583134009
]
],
"t": [
288.52727,
-41.82072,
186.1229
]
},
{
"id": "H058",
"type": "hex",
"R": [
[
-0.355494798,
0.590274285,
0.724706642
],
[
-0.92404008,
-0.338597527,
-0.177487028
],
[
0.140617849,
-0.732753699,
0.665806757
]
],
"t": [
234.47978,
-61.65866,
259.57376
]
},
{
"id": "H059",
"type": "hex",
"R": [
[
0.799630098,
-0.382671293,
-0.462768179
],
[
-0.484161474,
0.045015086,
-0.873819952
],
[
0.355217361,
0.922787258,
-0.14927928
]
],
"t": [
-228.83245,
-279.61812,
-36.97501
]
},
{
"id": "H060",
"type": "hex",
"R": [
[
-0.875165106,
0.262689071,
-0.406300983
],
[
0.3775302,
-0.154418931,
-0.913031074
],
[
-0.302583848,
-0.952443828,
0.035969003
]
],
"t": [
-214.76657,
-302.00351,
55.31711
]
},
{
"id": "H061",
"type": "hex",
"R": [
[
-0.885337892,
0.283970595,
-0.368154204
],
[
0.287345213,
-0.288322498,
-0.91340181
],
[
-0.365526395,
-0.914456581,
0.173665241
]
],
"t": [
-189.96505,
-296.74743,
147.4995
]
},
{
"id": "H062",
"type": "hex",
"R": [
[
-0.952595024,
-0.044626494,
-0.300950487
],
[
0.286741202,
-0.462338354,
-0.839060623
],
[
-0.101696619,
-0.885579879,
0.453217471
]
],
"t": [
-144.72008,
-278.39022,
232.33166
]
},
{
"id": "H063",
"type": "hex",
"R": [
[
-0.906107152,
0.057429444,
0.419132065
],
[
0.089939093,
0.994245018,
0.058204843
],
[
-0.413377296,
0.090436182,
-0.906057674
]
],
"t": [
241.42126,
-0.12776,
-275.49276
]
},
{
"id": "H064",
"type": "hex",
"R": [
[
-0.595585962,
-0.735390992,
0.32322972
],
[
-0.765001105,
0.642002902,
0.05104491
],
[
-0.245052385,
-0.216869461,
-0.944942837
]
],
"t": [
156.44839,
9.67747,
-312.58321
]
},
{
"id": "H065",
"type": "hex",
"R": [
[
0.16402506,
-0.635560914,
0.754425679
],
[
-0.981492412,
-0.028521982,
0.189365101
],
[
-0.098835341,
-0.771523701,
-0.628476534
]
],
"t": [
386.34362,
31.29135,
-195.03658
]
},
{
"id": "H066",
"type": "hex",
"R": [
[
0.668219024,
-0.502618992,
-0.548504772
],
[
-0.653599871,
-0.044434115,
-0.755534789
],
[
0.35537381,
0.863365368,
-0.358203429
]
],
"t": [
-248.16023,
-243.74175,
-126.4918
]
},
{
"id": "H067",
"type": "hex",
"R": [
[
0.537819245,
-0.558530729,
-0.631501294
],
[
-0.810693686,
-0.137067346,
-0.569199692
],
[
0.231357312,
0.818080661,
-0.526514792
]
],
"t": [
-241.44673,
-181.23071,
-209.28142
]
},
{
"id": "H068",
"type": "hex",
"R": [
[
-0.63121454,
-0.723068304,
0.280607257
],
[
-0.745943904,
0.665049735,
0.035728746
],
[
-0.212452105,
-0.186764768,
-0.959157455
]
],
"t": [
73.33581,
20.54233,
-350.23736
]
},
{
"id": "H069",
"type": "hex",
"R": [
[
0.4728072,
-0.777962418,
0.413796843
],
[
0.830819496,
0.237119902,
-0.503500861
],
[
0.293585281,
0.581849317,
0.758458341
]
],
"t": [
127.16925,
-174.24866,
321.28992
]
},
{
"id": "H070",
"type": "hex",
"R": [
[
0.850050828,
-0.094420042,
0.518168356
],
[
0.21902814,
0.958070745,
-0.184735273
],
[
-0.478999231,
0.270527823,
0.835089477
]
],
"t": [
165.5194,
-88.74664,
318.30472
]
},
{
"id": "H071",
"type": "hex",
"R": [
[
0.825538078,
0.55856157,
0.080596864
],
[
-0.412429834,
0.694609487,
-0.589422847
],
[
-0.385212297,
0.453350453,
0.803794036
]
],
"t": [
-23.36264,
-219.50099,
306.88964
]
},
{
"id": "H072",
"type": "hex",
"R": [
[
0.072435569,
0.327344082,
0.942124695
],
[
0.324764926,
-0.900866873,
0.288039268
],
[
0.943016878,
0.285104768,
-0.171564681
]
],
"t": [
397.62598,
75.03765,
-110.13817
]
},
{
"id": "H073",
"type": "hex",
"R": [
[
0.952607789,
0.014879738,
-0.303837117
],
[
-0.117618787,
-0.903107239,
-0.4129929
],
[
-0.280542726,
0.429157207,
-0.858556853
]
],
"t": [
-151.98974,
-119.91002,
-333.43194
]
},
{
"id": "H074",
"type": "hex",
"R": [
[
-0.346104368,
-0.691611906,
-0.633943797
],
[
-0.68981326,
0.645578399,
-0.327698332
],
[
0.63590049,
0.323885013,
-0.700520568
]
],
"t": [
-226.44241,
-106.46476,
-277.1826
]
},
{
"id": "H075",
"type": "hex",
"R": [
[
-0.571630883,
-0.813425216,
-0.107599032
],
[
-0.799495541,
0.581669408,
-0.149891891
],
[
0.184512909,
0.000342112,
-0.982830031
]
],
"t": [
-91.47907,
-47.9448,
-362.0733
]
},
{
"id": "H076",
"type": "hex",
"R": [
[
0.387247366,
-0.916254868,
0.102549957
],
[
-0.921930496,
-0.385928818,
0.033213064
],
[
0.009145352,
-0.107405604,
-0.994173224
]
],
"t": [
-27.25964,
25.26027,
-367.02496
]
},
{
"id": "H077",
"type": "hex",
"R": [
[
0.421687038,
-0.188929179,
0.88684035
],
[
0.062047562,
0.98177189,
0.179649814
],
[
-0.904616019,
-0.020729716,
0.425723076
]
],
"t": [
356.80352,
68.74345,
75.82844
]
},
{
"id": "H078",
"type": "hex",
"R": [
[
-0.569885576,
0.174719592,
0.802934303
],
[
-0.133424958,
-0.983841784,
0.11938645
],
[
0.810819469,
-0.03909486,
0.583989196
]
],
"t": [
311.36249,
52.73914,
160.69803
]
},
{
"id": "H079",
"type": "hex",
"R": [
[
0.163143204,
0.258289872,
0.952192542
],
[
-0.878995479,
-0.400245969,
0.259171972
],
[
0.448052723,
-0.879255086,
0.16173822
]
],
"t": [
389.3813,
87.3085,
-11.38202
]
},
{
"id": "H080",
"type": "hex",
"R": [
[
0.091569079,
-0.690225092,
0.717777421
],
[
0.956971399,
0.260310619,
0.128234642
],
[
-0.275355852,
0.675150135,
0.684362075
]
],
"t": [
255.06789,
36.06937,
235.45498
]
},
{
"id": "H081",
"type": "hex",
"R": [
[
0.646222862,
0.521253022,
0.557396897
],
[
-0.696077314,
0.702013349,
0.150511233
],
[
-0.312845627,
-0.485255134,
0.816489479
]
],
"t": [
183.92085,
14.02302,
296.26485
]
},
{
"id": "H082",
"type": "hex",
"R": [
[
0.012453636,
-0.639636929,
-0.768576285
],
[
-0.332282373,
0.722307679,
-0.606514667
],
[
0.943097732,
0.262937665,
-0.203544719
]
],
"t": [
-300.01332,
-215.55657,
-55.79116
]
},
{
"id": "H083",
"type": "hex",
"R": [
[
0.184186699,
-0.674640963,
-0.714797056
],
[
-0.151942239,
0.698953847,
-0.698839807
],
[
0.971076112,
0.237324862,
0.026231543
]
],
"t": [
-292.38579,
-244.63949,
34.15491
]
},
{
"id": "H084",
"type": "hex",
"R": [
[
0.493573015,
0.550440243,
-0.673350739
],
[
-0.644733358,
-0.288042794,
-0.708060905
],
[
-0.583699045,
0.783611439,
0.212717036
]
],
"t": [
-266.89325,
-247.19112,
127.13421
]
},
{
"id": "H085",
"type": "hex",
"R": [
[
0.436790465,
-0.647568191,
-0.62439533
],
[
0.179623771,
0.742916461,
-0.644833647
],
[
0.881447327,
0.169500945,
0.440817467
]
],
"t": [
-231.61754,
-237.27703,
217.61767
]
},
{
"id": "H086",
"type": "hex",
"R": [
[
0.184215251,
0.86691126,
-0.463173411
],
[
-0.851468019,
-0.09464536,
-0.515794987
],
[
-0.490985697,
0.48939465,
0.720712094
]
],
"t": [
-192.03563,
-216.22912,
302.57645
]
},
{
"id": "H087",
"type": "hex",
"R": [
[
-0.545062719,
-0.645102661,
0.535489672
],
[
-0.602519737,
0.745538027,
0.284856135
],
[
-0.582989364,
-0.167378637,
-0.79505207
]
],
"t": [
294.18721,
78.61682,
-235.74059
]
},
{
"id": "H088",
"type": "hex",
"R": [
[
-0.414077105,
0.821803537,
0.391381014
],
[
0.901811868,
0.312000807,
0.298983028
],
[
0.123594118,
0.47675407,
-0.870304574
]
],
"t": [
208.65566,
91.70899,
-273.5779
]
},
{
"id": "H089",
"type": "hex",
"R": [
[
-0.358459291,
0.868360583,
0.342719762
],
[
0.922146613,
0.272164741,
0.274903578
],
[
0.145439196,
0.414579609,
-0.898315751
]
],
"t": [
122.29051,
99.2671,
-309.49886
]
},
{
"id": "H090",
"type": "hex",
"R": [
[
0.368069109,
0.621847735,
0.691252866
],
[
0.433132639,
-0.772524121,
0.46433027
],
[
0.822752239,
0.128498549,
-0.553684816
]
],
"t": [
339.88873,
132.68208,
-169.09334
]
},
{
"id": "H091",
"type": "hex",
"R": [
[
0.463069679,
-0.362432258,
-0.808832078
],
[
-0.882858174,
-0.108017752,
-0.457048804
],
[
0.078281007,
0.925729455,
-0.369996028
]
],
"t": [
-299.19305,
-164.22728,
-138.90702
]
},
{
"id": "H092",
"type": "hex",
"R": [
[
0.321934568,
-0.482884549,
-0.81435904
],
[
-0.945361929,
-0.210715759,
-0.248776388
],
[
-0.051468009,
0.849953752,
-0.524337356
]
],
"t": [
-292.98934,
-96.46252,
-212.00216
]
},
{
"id": "H093",
"type": "hex",
"R": [
[
0.963466644,
-0.047431568,
0.263594902
],
[
-0.113726904,
-0.963510683,
0.242308388
],
[
0.242483437,
-0.263433882,
-0.93370465
]
],
"t": [
32.02305,
98.6996,
-332.60733
]
},
{
"id": "H094",
"type": "hex",
"R": [
[
0.060138769,
-0.993705877,
0.094509034
],
[
0.957641437,
0.030724985,
-0.286319497
],
[
0.281613578,
0.10772467,
0.953461687
]
],
"t": [
-14.74156,
-134.23753,
363.33479
]
},
{
"id": "H095",
"type": "hex",
"R": [
[
-0.911532703,
0.321145412,
0.256853569
],
[
-0.378027569,
-0.900250736,
-0.215971686
],
[
0.161874299,
-0.293962985,
0.942009806
]
],
"t": [
76.15525,
-101.37344,
346.89066
]
},
{
"id": "H096",
"type": "hex",
"R": [
[
0.868285411,
-0.388139306,
0.308914754
],
[
0.371633666,
0.9214527,
0.113196022
],
[
-0.328586159,
0.016516668,
0.944329569
]
],
"t": [
108.04994,
-12.83183,
347.0142
]
},
{
"id": "H097",
"type": "hex",
"R": [
[
0.877980451,
-0.440382438,
-0.187652965
],
[
0.346519563,
0.855141208,
-0.385561547
],
[
0.330264317,
0.273490078,
0.903398394
]
],
"t": [
-100.54406,
-167.16798,
338.77392
]
},
{
"id": "H098",
"type": "hex",
"R": [
[
0.459374593,
-0.252074655,
0.851723753
],
[
-0.845241982,
0.170680997,
0.506393116
],
[
-0.27302193,
-0.952536805,
-0.134657567
]
],
"t": [
358.66906,
156.72269,
-75.64007
]
},
{
"id": "H099",
"type": "hex",
"R": [
[
0.337602577,
-0.798851646,
-0.497855951
],
[
-0.937308843,
-0.333890646,
-0.099845727
],
[
-0.086467521,
0.50035296,
-0.861493055
]
],
"t": [
-192.62411,
-32.45983,
-330.68679
]
},
{
"id": "H100",
"type": "hex",
"R": [
[
0.658764909,
-0.064566731,
-0.749573167
],
[
-0.160819259,
-0.985367725,
-0.056458947
],
[
-0.734959836,
0.157738974,
-0.659509253
]
],
"t": [
-262.14289,
-17.56018,
-261.51856
]
},
{
"id": "H101",
"type": "hex",
"R": [
[
0.939067708,
-0.235484998,
-0.250396994
],
[
-0.231196484,
-0.97177859,
0.046846114
],
[
-0.254361995,
0.013899232,
-0.967009197
]
],
"t": [
-127.08614,
41.76773,
-351.17269
]
},
{
"id": "H102",
"type": "hex",
"R": [
[
-0.719036533,
-0.69481879,
0.014605281
],
[
-0.674908903,
0.703137462,
0.223820647
],
[
-0.165784311,
0.151077987,
-0.97452091
]
],
"t": [
-61.2872,
114.97409,
-352.02566
]
},
{
"id": "H103",
"type": "hex",
"R": [
[
-0.141743201,
-0.603153284,
0.784929921
],
[
0.886441583,
0.275594309,
0.371845527
],
[
-0.44060207,
0.748501097,
0.495596533
]
],
"t": [
321.0824,
144.63012,
116.06892
]
},
{
"id": "H104",
"type": "hex",
"R": [
[
-0.186071807,
0.461008737,
0.86766827
],
[
-0.128716089,
-0.886917177,
0.443632832
],
[
0.974068504,
-0.029135303,
0.224369523
]
],
"t": [
366.76689,
166.96004,
30.94245
]
},
{
"id": "H105",
"type": "hex",
"R": [
[
0.656902873,
0.350306312,
0.667655677
],
[
-0.692056543,
0.63157036,
0.349537726
],
[
-0.299226264,
-0.691667816,
0.657312159
]
],
"t": [
263.79275,
126.63691,
196.83929
]
},
{
"id": "H106",
"type": "hex",
"R": [
[
0.711383617,
0.456805652,
0.534099191
],
[
-0.682774946,
0.629340154,
0.371145987
],
[
-0.166588483,
-0.628696722,
0.759597729
]
],
"t": [
193.46976,
106.91369,
259.59634
]
},
{
"id": "H107",
"type": "hex",
"R": [
[
-0.788246665,
0.497557902,
0.362081938
],
[
-0.383679867,
-0.85741818,
0.342963299
],
[
0.481099736,
0.131416127,
0.86675997
]
],
"t": [
120.97019,
83.90139,
315.22707
]
},
{
"id": "H108",
"type": "hex",
"R": [
[
-0.065514827,
0.383135065,
-0.921366013
],
[
0.249305592,
-0.887782312,
-0.386897
],
[
-0.966206256,
-0.255049189,
-0.03735481
]
],
"t": [
-331.7361,
-150.59774,
8.11262
]
},
{
"id": "H109",
"type": "hex",
"R": [
[
-0.229180887,
0.396465521,
-0.888983246
],
[
-0.015014841,
-0.914622801,
-0.404029314
],
[
-0.973268039,
-0.079247854,
0.215566931
]
],
"t": [
-325.73628,
-175.14556,
97.66909
]
},
{
"id": "H110",
"type": "hex",
"R": [
[
-0.529418104,
-0.163905486,
-0.832376996
],
[
0.744726228,
-0.559717837,
-0.363453969
],
[
-0.406324152,
-0.812312092,
0.418389471
]
],
"t": [
-289.35399,
-168.52826,
184.77502
]
},
{
"id": "H111",
"type": "hex",
"R": [
[
-0.031763395,
-0.70512196,
-0.708374271
],
[
0.930371733,
0.238128561,
-0.278752986
],
[
0.365238998,
-0.667905539,
0.648461769
]
],
"t": [
-256.42309,
-151.05773,
270.7638
]
},
{
"id": "H112",
"type": "hex",
"R": [
[
-0.73890574,
0.495645574,
-0.456457855
],
[
-0.467727911,
-0.864925055,
-0.182030906
],
[
-0.485024648,
0.078994398,
0.870925356
]
],
"t": [
-177.33024,
-122.30789,
347.11715
]
},
{
"id": "H113",
"type": "hex",
"R": [
[
-0.400218293,
-0.783028233,
0.476121943
],
[
-0.600986571,
0.61648294,
0.508688438
],
[
-0.691838464,
-0.082556475,
-0.717317202
]
],
"t": [
253.39542,
159.95843,
-212.95908
]
},
{
"id": "H114",
"type": "hex",
"R": [
[
-0.508441894,
-0.777683078,
0.369724046
],
[
-0.589682432,
0.627344561,
0.508638803
],
[
-0.627504159,
0.040593502,
-0.777554306
]
],
"t": [
169.95673,
175.82445,
-256.7357
]
},
{
"id": "H115",
"type": "hex",
"R": [
[
-0.458733386,
0.819955502,
0.342398387
],
[
0.831376463,
0.260043874,
0.491111352
],
[
0.313650852,
0.509951134,
-0.800982512
]
],
"t": [
84.86729,
184.6238,
-290.90419
]
},
{
"id": "H116",
"type": "hex",
"R": [
[
0.360056173,
0.714683693,
0.599655544
],
[
0.307368841,
-0.697753376,
0.647042983
],
[
0.880842749,
-0.04865639,
-0.470901909
]
],
"t": [
291.37642,
208.631,
-138.82644
]
},
{
"id": "H117",
"type": "hex",
"R": [
[
-0.09469052,
-0.359873063,
-0.928183756
],
[
-0.736421027,
0.652703918,
-0.177937253
],
[
0.669863998,
0.666685064,
-0.326822964
]
],
"t": [
-342.84065,
-76.08627,
-131.24739
]
},
{
"id": "H118",
"type": "hex",
"R": [
[
0.152155667,
-0.432384666,
-0.888758771
],
[
-0.942871204,
-0.333156801,
0.000662379
],
[
-0.296382432,
0.837884268,
-0.458374746
]
],
"t": [
-317.12143,
-0.3208,
-183.49051
]
},
{
"id": "H119",
"type": "hex",
"R": [
[
0.976149475,
-0.057442214,
0.209362351
],
[
-0.151703531,
-0.870326905,
0.468526538
],
[
0.155300485,
-0.489112942,
-0.858283339
]
],
"t": [
0.47331,
186.65505,
-325.51675
]
},
{
"id": "H120",
"type": "hex",
"R": [
[
-0.888911261,
0.445179474,
0.107944456
],
[
-0.446442537,
-0.89471024,
0.013514686
],
[
0.102595471,
-0.036177641,
0.994065062
]
],
"t": [
4.34912,
-43.19854,
368.77534
]
},
{
"id": "H121",
"type": "hex",
"R": [
[
0.166153901,
-0.976069675,
-0.140288529
],
[
0.980409869,
0.178775883,
-0.082678129
],
[
0.10577982,
-0.123802965,
0.986652652
]
],
"t": [
-84.43273,
-75.28786,
355.55368
]
},
{
"id": "H122",
"type": "hex",
"R": [
[
0.144887753,
-0.970910583,
0.190631002
],
[
0.954387748,
0.18796841,
0.23197393
],
[
-0.26105855,
0.148325711,
0.953859485
]
],
"t": [
36.68327,
47.24757,
349.65774
]
},
{
"id": "H123",
"type": "hex",
"R": [
[
-0.593057424,
-0.349297633,
0.725447486
],
[
0.572815618,
0.450143249,
0.685020674
],
[
-0.565831388,
0.821804246,
-0.066877656
]
],
"t": [
311.00382,
232.76324,
-45.59837
]
},
{
"id": "H124",
"type": "hex",
"R": [
[
0.214177282,
-0.763194581,
-0.609640979
],
[
-0.948110777,
-0.312566633,
0.058206998
],
[
-0.234976694,
0.565540565,
-0.790537679
]
],
"t": [
-221.07651,
56.32518,
-306.29212
]
},
{
"id": "H125",
"type": "hex",
"R": [
[
-0.442469785,
-0.364969535,
-0.819156718
],
[
-0.746609735,
0.655930191,
0.11103823
],
[
0.496784051,
0.660721441,
-0.562719098
]
],
"t": [
-285.67564,
73.21908,
-234.82286
]
},
{
"id": "H126",
"type": "hex",
"R": [
[
0.858656347,
-0.382712831,
-0.340940122
],
[
-0.318747899,
-0.919626587,
0.229535872
],
[
-0.401383924,
-0.088418486,
-0.911632117
]
],
"t": [
-160.95261,
124.97153,
-335.07372
]
},
{
"id": "H127",
"type": "hex",
"R": [
[
0.537306257,
-0.590756602,
0.601920778
],
[
0.20207436,
0.783081315,
0.58817481
],
[
-0.818821067,
-0.19439725,
0.540131253
]
],
"t": [
259.14332,
210.74027,
148.60066
]
},
{
"id": "H128",
"type": "hex",
"R": [
[
0.712367468,
0.047889026,
0.700170859
],
[
-0.657226669,
0.395430081,
0.641629299
],
[
-0.246141617,
-0.9172468,
0.313165471
]
],
"t": [
299.79644,
220.39092,
55.63916
]
},
{
"id": "H129",
"type": "hex",
"R": [
[
0.750469838,
-0.468383041,
0.466274972
],
[
0.150884249,
0.808301193,
0.569107305
],
[
-0.643450826,
-0.356744318,
0.677277289
]
],
"t": [
191.68031,
188.88578,
204.06332
]
},
{
"id": "H130",
"type": "hex",
"R": [
[
-0.74646557,
0.565752974,
0.350303761
],
[
-0.320880675,
-0.767228703,
0.555333873
],
[
0.582944891,
0.302131908,
0.754249007
]
],
"t": [
123.35881,
174.63307,
265.891
]
},
{
"id": "H131",
"type": "hex",
"R": [
[
-0.067204607,
-0.967601145,
0.243375358
],
[
0.875682687,
0.059705493,
0.479181684
],
[
-0.478187591,
0.245322804,
0.843299086
]
],
"t": [
47.78351,
140.01291,
308.77193
]
},
{
"id": "H132",
"type": "hex",
"R": [
[
0.057934975,
-0.165169223,
-0.98456217
],
[
-0.860901877,
0.491068655,
-0.133039599
],
[
0.505461668,
0.855319066,
-0.113744444
]
],
"t": [
-359.69759,
-67.92827,
-36.80627
]
},
{
"id": "H133",
"type": "hex",
"R": [
[
-0.036191619,
-0.182518382,
-0.98253611
],
[
0.917343976,
0.383966752,
-0.105116904
],
[
0.396446966,
-0.905127932,
0.15353576
]
],
"t": [
-367.83855,
-79.95894,
55.01477
]
},
{
"id": "H134",
"type": "hex",
"R": [
[
-0.366151661,
0.099719072,
-0.925196773
],
[
-0.032215574,
-0.995004086,
-0.094493518
],
[
-0.929997375,
-0.004793214,
0.367534906
]
],
"t": [
-337.48756,
-89.64498,
140.99974
]
},
{
"id": "H135",
"type": "hex",
"R": [
[
-0.151307282,
0.511777026,
-0.845689294
],
[
-0.91677066,
-0.392583534,
-0.073550838
],
[
-0.369645321,
0.764174355,
0.528582909
]
],
"t": [
-281.90793,
-80.0075,
224.98865
]
},
{
"id": "H136",
"type": "hex",
"R": [
[
0.562915078,
0.500274359,
-0.657915026
],
[
-0.70568845,
0.70530118,
-0.06748375
],
[
0.430267855,
0.502270655,
0.750062505
]
],
"t": [
-234.94306,
-60.11192,
304.78521
]
},
{
"id": "H137",
"type": "hex",
"R": [
[
0.149190579,
-0.929259907,
-0.337961827
],
[
0.986293756,
0.164209615,
-0.016119199
],
[
0.070475507,
-0.330924808,
0.941021772
]
],
"t": [
-155.70404,
-12.84188,
340.3894
]
},
{
"id": "H138",
"type": "hex",
"R": [
[
-0.365661177,
-0.844979593,
0.390258108
],
[
-0.48919379,
0.531188189,
0.691757576
],
[
-0.791821532,
0.062037047,
-0.607593668
]
],
"t": [
204.86043,
235.0198,
-182.83963
]
},
{
"id": "H139",
"type": "hex",
"R": [
[
-0.932989871,
-0.164763482,
0.319973272
],
[
0.119288702,
0.697231521,
0.706851053
],
[
-0.339558692,
0.697654069,
-0.630855526
]
],
"t": [
117.71865,
243.6144,
-215.28943
]
},
{
"id": "H140",
"type": "hex",
"R": [
[
-0.320984483,
-0.903974178,
0.282488314
],
[
-0.557465279,
0.421462554,
0.715263433
],
[
-0.76563792,
0.072111036,
-0.639217158
]
],
"t": [
30.26641,
251.37704,
-251.17763
]
},
{
"id": "H141",
"type": "hex",
"R": [
[
-0.596981817,
0.670345807,
0.440737121
],
[
0.56074076,
-0.044235891,
0.826808918
],
[
0.57374429,
0.740729158,
-0.349482194
]
],
"t": [
234.13816,
274.16323,
-99.98614
]
},
{
"id": "H142",
"type": "hex",
"R": [
[
-0.206737445,
0.087482465,
-0.974477525
],
[
0.130213092,
0.989594525,
0.061214595
],
[
0.969692827,
-0.114234383,
-0.215977606
]
],
"t": [
-353.52701,
12.50162,
-95.5869
]
},
{
"id": "H143",
"type": "hex",
"R": [
[
-0.053747611,
-0.368836348,
-0.927939083
],
[
-0.916704711,
-0.350241516,
0.192310565
],
[
-0.395933918,
0.860982363,
-0.319289373
]
],
"t": [
-325.58171,
88.8412,
-147.68764
]
},
{
"id": "H144",
"type": "hex",
"R": [
[
-0.265734383,
-0.962174771,
0.060041218
],
[
-0.678816483,
0.230972385,
0.697036541
],
[
-0.684538838,
0.144469606,
-0.714517398
]
],
"t": [
-60.239,
251.27062,
-283.03596
]
},
{
"id": "H145",
"type": "hex",
"R": [
[
0.828673784,
0.559172251,
-0.025023059
],
[
-0.554027719,
0.825774906,
0.105589258
],
[
0.079705998,
-0.073635582,
0.994094943
]
],
"t": [
-62.28774,
19.90728,
373.05715
]
},
{
"id": "H146",
"type": "hex",
"R": [
[
0.820145907,
0.568559354,
0.064038682
],
[
-0.55026402,
0.753147901,
0.360524268
],
[
0.156748846,
-0.330920685,
0.930548924
]
],
"t": [
-35.4964,
107.15402,
346.11561
]
},
{
"id": "H147",
"type": "hex",
"R": [
[
0.066960965,
-0.858007969,
0.509252937
],
[
0.05076011,
0.512667002,
0.857085734
],
[
-0.996463567,
-0.031541553,
0.077881256
]
],
"t": [
244.28878,
287.67438,
-0.92289
]
},
{
"id": "H148",
"type": "hex",
"R": [
[
0.040960952,
-0.732748,
-0.679266199
],
[
-0.910732671,
-0.307001171,
0.276254019
],
[
-0.410960098,
0.607314292,
-0.679912603
]
],
"t": [
-235.52533,
146.33075,
-273.45341
]
},
{
"id": "H149",
"type": "hex",
"R": [
[
0.175812075,
0.516539563,
-0.838019686
],
[
0.881727648,
0.295937895,
0.367392321
],
[
0.437774451,
-0.803497133,
-0.403417758
]
],
"t": [
-289.7005,
163.9688,
-196.03724
]
},
{
"id": "H150",
"type": "hex",
"R": [
[
0.193729419,
0.922775073,
-0.333099198
],
[
0.832918418,
0.024698557,
0.552844364
],
[
0.518378068,
-0.384546675,
-0.763811517
]
],
"t": [
-160.65442,
215.09803,
-298.75418
]
},
{
"id": "H151",
"type": "hex",
"R": [
[
0.764891685,
-0.513093865,
0.389455256
],
[
0.037735233,
0.639247631,
0.768074553
],
[
-0.643052691,
-0.572797654,
0.508316914
]
],
"t": [
179.13865,
256.7429,
134.92156
]
},
{
"id": "H152",
"type": "hex",
"R": [
[
0.171611374,
0.949141502,
0.263969593
],
[
-0.662614555,
-0.087078514,
0.74388123
],
[
0.729034627,
-0.302568574,
0.613971311
]
],
"t": [
110.06729,
253.88834,
196.67421
]
},
{
"id": "H153",
"type": "hex",
"R": [
[
0.934597534,
0.291911094,
0.203261809
],
[
-0.345528068,
0.609307115,
0.713691246
],
[
0.084485526,
-0.737246739,
0.670320403
]
],
"t": [
42.80388,
232.28682,
255.86598
]
},
{
"id": "H154",
"type": "hex",
"R": [
[
-0.261344241,
-0.962298951,
0.07536522
],
[
0.759965927,
-0.15699759,
0.630716693
],
[
-0.595105854,
0.222109175,
0.77234483
]
],
"t": [
-31.28546,
187.45046,
290.65158
]
},
{
"id": "H155",
"type": "hex",
"R": [
[
-0.132865234,
0.003573957,
-0.991127669
],
[
-0.898734023,
-0.422050065,
0.118957548
],
[
-0.417880348,
0.90656548,
0.059287817
]
],
"t": [
-366.81633,
19.90987,
-0.39857
]
},
{
"id": "H156",
"type": "hex",
"R": [
[
0.064471513,
0.30744313,
-0.949379874
],
[
-0.80442004,
0.579009678,
0.132876601
],
[
0.590552134,
0.755133441,
0.284643045
]
],
"t": [
-349.68553,
11.33787,
89.30744
]
},
{
"id": "H157",
"type": "hex",
"R": [
[
0.121247622,
0.430833184,
-0.894249284
],
[
-0.864117618,
0.489141234,
0.118497237
],
[
0.48846674,
0.758369053,
0.431597756
]
],
"t": [
-313.11158,
-2.42402,
171.25343
]
},
{
"id": "H158",
"type": "hex",
"R": [
[
-0.273191269,
-0.483158205,
-0.831820101
],
[
0.778831295,
-0.618628751,
0.103538791
],
[
-0.564613447,
-0.619561633,
0.545302704
]
],
"t": [
-271.02977,
13.2304,
254.31753
]
},
{
"id": "H159",
"type": "hex",
"R": [
[
-0.581323118,
-0.566251076,
-0.584314258
],
[
0.634796443,
-0.764857386,
0.109666108
],
[
-0.509015627,
-0.307169169,
0.804083449
]
],
"t": [
-217.81638,
45.72554,
326.73615
]
},
{
"id": "H160",
"type": "hex",
"R": [
[
0.640123396,
0.741529746,
-0.200936991
],
[
-0.70104598,
0.67077201,
0.242073221
],
[
0.314287403,
-0.014090662,
0.949223304
]
],
"t": [
-130.20349,
81.00565,
344.29851
]
},
{
"id": "H161",
"type": "hex",
"R": [
[
0.934761791,
0.245572036,
0.256738718
],
[
-0.110399875,
-0.486092541,
0.86690594
],
[
0.337686633,
-0.838694471,
-0.427269612
]
],
"t": [
142.95078,
286.48527,
-132.63081
]
},
{
"id": "H162",
"type": "hex",
"R": [
[
-0.69799111,
0.684691947,
0.209774517
],
[
0.424376669,
0.159538697,
0.891320283
],
[
0.576812667,
0.711157045,
-0.40192388
]
],
"t": [
52.42909,
291.48818,
-164.51785
]
},
{
"id": "H163",
"type": "hex",
"R": [
[
0.961148853,
0.259941172,
0.092862633
],
[
0.018611558,
-0.396684637,
0.91776626
],
[
0.275402417,
-0.880381671,
-0.386110894
]
],
"t": [
-34.51023,
302.69527,
-202.26912
]
},
{
"id": "H164",
"type": "hex",
"R": [
[
-0.111866998,
-0.965052368,
0.236980381
],
[
-0.126526765,
0.250368893,
0.959847069
],
[
-0.985635203,
0.077390849,
-0.15011297
]
],
"t": [
158.6781,
316.77653,
-41.88686
]
},
{
"id": "H165",
"type": "hex",
"R": [
[
-0.010356294,
0.274027979,
-0.961665958
],
[
0.086874361,
0.958327721,
0.272141184
],
[
0.996165444,
-0.080725742,
-0.03373073
]
],
"t": [
-341.27181,
97.87628,
-52.04141
]
},
{
"id": "H166",
"type": "hex",
"R": [
[
0.090958837,
-0.457880845,
-0.884348134
],
[
-0.079671606,
-0.888528707,
0.45185083
],
[
-0.992662543,
0.02935761,
-0.11729964
]
],
"t": [
-308.97281,
173.63957,
-102.25163
]
},
{
"id": "H167",
"type": "hex",
"R": [
[
0.22598761,
0.941431966,
-0.250270759
],
[
0.472727779,
0.11865097,
0.873184055
],
[
0.851738251,
-0.315638718,
-0.418227393
]
],
"t": [
-131.98749,
288.30121,
-229.00818
]
},
{
"id": "H168",
"type": "hex",
"R": [
[
-0.760009695,
0.569146931,
0.313778638
],
[
0.096717842,
-0.378378806,
0.920584129
],
[
0.642674818,
0.730000856,
0.232524898
]
],
"t": [
169.61665,
317.5511,
54.26473
]
},
{
"id": "H169",
"type": "hex",
"R": [
[
-0.532059032,
0.596366118,
-0.601049615
],
[
0.073274022,
0.739634627,
0.669007875
],
[
0.843530737,
0.31191036,
-0.437227428
]
],
"t": [
-221.03772,
233.13037,
-225.17831
]
},
{
"id": "H170",
"type": "hex",
"R": [
[
-0.701825577,
0.258892351,
-0.663638162
],
[
-0.503005052,
0.479561938,
0.719031477
],
[
0.504407353,
0.838448029,
-0.206344674
]
],
"t": [
-266.37948,
246.95183,
-143.4107
]
},
{
"id": "H171",
"type": "hex",
"R": [
[
-0.921875835,
-0.353813187,
0.157991053
],
[
0.276003149,
