{
"description": "HIV-1 CA pseudo-atomic capsid -- per-capsomer instance transforms",
"frame": "Angstrom; world = R @ canonical_template + t",
"hexamer_template": "RCSB 3H47 (canonical: centroid origin, axis +z, NTD out)",
"pentamer_template": "RCSB 3P05 (canonical)",
"spacing_A": 95.5,
"azimuth_deg": 30.0,
"cage": "mesh4a_C440_representative.xyz",
"mesh_surface_obj": "cage_3_process_surface.obj",
"n_capsomers": 222,
"capsomers": [
{
"id": "P001",
"type": "pent",
"R": [
[
-0.146496714,
-0.704119122,
0.69480571
],
[
-0.241786057,
-0.655591893,
-0.715359191
],
[
0.959207076,
-0.272792104,
-0.074204128
]
],
"t": [
332.55397,
-209.66986,
176.96441
]
},
{
"id": "P002",
"type": "pent",
"R": [
[
0.38670428,
0.299121009,
0.872345357
],
[
-0.792550122,
0.591441434,
0.148530585
],
[
-0.471512571,
-0.748814832,
0.465781326
]
],
"t": [
377.47627,
-65.38599,
257.00058
]
},
{
"id": "P003",
"type": "pent",
"R": [
[
-0.72172739,
0.689971851,
-0.055212496
],
[
-0.563513939,
-0.632019181,
-0.53198101
],
[
-0.401947279,
-0.352832255,
0.84495431
]
],
"t": [
66.22902,
-22.21304,
513.05405
]
},
{
"id": "P004",
"type": "pent",
"R": [
[
0.618989954,
-0.749237202,
0.235573877
],
[
0.574666569,
0.636506576,
0.514410064
],
[
-0.535359479,
-0.18303823,
0.824552748
]
],
"t": [
89.1385,
147.83347,
513.53192
]
},
{
"id": "P005",
"type": "pent",
"R": [
[
-0.721302827,
0.42232046,
0.548969636
],
[
0.598950694,
-0.017699648,
0.800590275
],
[
0.347822222,
0.906273773,
-0.240182326
]
],
"t": [
173.02595,
323.30161,
24.84563
]
},
{
"id": "P006",
"type": "pent",
"R": [
[
0.490005052,
0.681556151,
-0.543485292
],
[
-0.378340154,
0.727958016,
0.571783048
],
[
0.785336729,
-0.074554273,
0.614563164
]
],
"t": [
-57.03258,
168.10634,
465.01765
]
},
{
"id": "P007",
"type": "pent",
"R": [
[
-0.378791473,
-0.835550652,
0.397959958
],
[
-0.657878697,
-0.059341109,
-0.750782427
],
[
0.650932132,
-0.54619936,
-0.527213068
]
],
"t": [
-55.12949,
-265.22433,
-402.19094
]
},
{
"id": "P008",
"type": "pent",
"R": [
[
-0.345807742,
0.853768439,
-0.38922546
],
[
-0.188439767,
0.343174484,
0.920174835
],
[
0.919188479,
0.391549137,
0.042211532
]
],
"t": [
-45.1858,
367.60593,
21.53615
]
},
{
"id": "P009",
"type": "pent",
"R": [
[
-0.6155451,
-0.769723077,
0.169205837
],
[
-0.618398207,
0.604831341,
0.50175961
],
[
-0.488556944,
0.204219083,
-0.848296339
]
],
"t": [
-99.49142,
38.55716,
-476.79296
]
},
{
"id": "P010",
"type": "pent",
"R": [
[
0.181678049,
-0.419487776,
-0.88939479
],
[
0.353341581,
0.871889998,
-0.339053917
],
[
0.917683395,
-0.252661507,
0.306625748
]
],
"t": [
-363.05189,
-192.50667,
-223.99141
]
},
{
"id": "P011",
"type": "pent",
"R": [
[
0.867124598,
-0.016119866,
-0.497830374
],
[
-0.490755977,
-0.198547871,
-0.848373334
],
[
-0.085167496,
0.979958618,
-0.180076664
]
],
"t": [
-283.95301,
-280.88441,
-345.79137
]
},
{
"id": "P012",
"type": "pent",
"R": [
[
-0.774400357,
-0.239012377,
-0.585813256
],
[
-0.365556054,
0.924740523,
0.105942138
],
[
0.516403774,
0.296189212,
-0.803491813
]
],
"t": [
-292.11097,
-79.04996,
-475.58314
]
},
{
"id": "H001",
"type": "hex",
"R": [
[
-0.169483665,
0.28356076,
0.943858349
],
[
-0.899925934,
0.345887654,
-0.265509028
],
[
-0.401756892,
-0.894402049,
0.196561375
]
],
"t": [
350.46278,
-133.89475,
222.31541
]
},
{
"id": "H002",
"type": "hex",
"R": [
[
0.87614393,
-0.112698009,
0.468690701
],
[
0.476969156,
0.34346272,
-0.809032622
],
[
-0.069801417,
0.932380029,
0.354676251
]
],
"t": [
282.06578,
-200.5906,
257.46985
]
},
{
"id": "H003",
"type": "hex",
"R": [
[
-0.43111271,
-0.082982434,
0.898474121
],
[
-0.7601373,
0.569899344,
-0.312099381
],
[
-0.486141046,
-0.817513702,
-0.308768894
]
],
"t": [
350.25074,
-137.33156,
115.37843
]
},
{
"id": "H004",
"type": "hex",
"R": [
[
0.023101641,
0.725267763,
0.688079201
],
[
-0.949903681,
0.230504456,
-0.21107035
],
[
-0.311687843,
-0.648732894,
0.694259549
]
],
"t": [
317.48018,
-147.2232,
317.54818
]
},
{
"id": "H005",
"type": "hex",
"R": [
[
0.396364913,
-0.641193295,
0.657089046
],
[
-0.018454852,
-0.721130554,
-0.69255335
],
[
0.917907552,
0.262377367,
-0.297663977
]
],
"t": [
291.32592,
-207.83194,
98.77745
]
},
{
"id": "H006",
"type": "hex",
"R": [
[
-0.038328056,
-0.136494579,
0.989899081
],
[
0.205277594,
0.968423504,
0.141481543
],
[
-0.977953,
0.208626814,
-0.009098511
]
],
"t": [
374.07803,
-59.66763,
168.2199
]
},
{
"id": "H007",
"type": "hex",
"R": [
[
-0.04479584,
0.552232056,
0.83248609
],
[
-0.998987141,
-0.021220871,
-0.039678288
],
[
-0.004245543,
-0.833420321,
0.552623329
]
],
"t": [
309.35845,
-60.6897,
308.08902
]
},
{
"id": "H008",
"type": "hex",
"R": [
[
0.639192396,
0.769045952,
-0.001185292
],
[
-0.298256316,
0.246474473,
-0.922113607
],
[
-0.708855593,
0.589761526,
0.386917421
]
],
"t": [
186.65869,
-224.38887,
262.9057
]
},
{
"id": "H009",
"type": "hex",
"R": [
[
0.943712864,
-0.024454863,
0.329860562
],
[
0.330760492,
0.064108591,
-0.941534697
],
[
0.001878206,
0.997643247,
0.068588805
]
],
"t": [
243.45819,
-242.06165,
180.75769
]
},
{
"id": "H010",
"type": "hex",
"R": [
[
-0.515205451,
-0.248447731,
0.820266461
],
[
-0.779414305,
0.533886407,
-0.32783936
],
[
-0.356478169,
-0.808232039,
-0.468704903
]
],
"t": [
304.09359,
-131.40713,
35.8014
]
},
{
"id": "H011",
"type": "hex",
"R": [
[
0.17955354,
-0.333285855,
0.92557067
],
[
-0.89430096,
-0.447293486,
0.012422943
],
[
0.40986134,
-0.829969322,
-0.378370989
]
],
"t": [
331.57324,
-48.89788,
77.80973
]
},
{
"id": "H012",
"type": "hex",
"R": [
[
0.297314531,
0.016576308,
0.954635687
],
[
-0.591017566,
0.788460384,
0.170377402
],
[
-0.749868192,
-0.614862138,
0.244217618
]
],
"t": [
351.75218,
10.3503,
227.74593
]
},
{
"id": "H013",
"type": "hex",
"R": [
[
-0.041425536,
-0.433279401,
0.900307107
],
[
0.967026329,
0.209235478,
0.145191574
],
[
-0.251284706,
0.876635315,
0.410324897
]
],
"t": [
304.97368,
34.69559,
293.65259
]
},
{
"id": "H014",
"type": "hex",
"R": [
[
-0.814203822,
0.148568319,
0.561248244
],
[
-0.382887969,
-0.864088496,
-0.326722932
],
[
0.436427474,
-0.48091426,
0.760429178
]
],
"t": [
240.31313,
-101.11985,
363.43989
]
},
{
"id": "H015",
"type": "hex",
"R": [
[
0.925636956,
-0.335153663,
0.175693617
],
[
0.348898025,
0.576113305,
-0.739164141
],
[
0.146514139,
0.745496802,
0.650206217
]
],
"t": [
224.80041,
-188.31202,
340.91369
]
},
{
"id": "H016",
"type": "hex",
"R": [
[
-0.446413866,
0.835012854,
0.321664722
],
[
-0.028079536,
0.346222508,
-0.937732112
],
[
-0.894385934,
-0.427648814,
-0.131111755
]
],
"t": [
208.44287,
-254.96595,
90.91647
]
},
{
"id": "H017",
"type": "hex",
"R": [
[
0.422170063,
-0.638512707,
0.643485789
],
[
-0.133249458,
-0.74584301,
-0.652658247
],
[
0.896669962,
0.18978864,
-0.399954063
]
],
"t": [
246.70544,
-205.78185,
9.00925
]
},
{
"id": "H018",
"type": "hex",
"R": [
[
-0.069113929,
0.225864056,
0.971704015
],
[
0.64301991,
-0.734613745,
0.216490278
],
[
0.762724498,
0.639787522,
-0.094463043
]
],
"t": [
352.7138,
22.87448,
126.42702
]
},
{
"id": "H019",
"type": "hex",
"R": [
[
-0.573981855,
0.262072714,
0.77579812
],
[
-0.483021331,
-0.873387387,
-0.062328686
],
[
0.661237645,
-0.410502575,
0.627895224
]
],
"t": [
269.10513,
-10.14179,
375.84769
]
},
{
"id": "H020",
"type": "hex",
"R": [
[
-0.990293392,
0.135889599,
-0.029206406
],
[
0.000702736,
-0.205231174,
-0.978713273
],
[
-0.138991019,
-0.969233812,
0.203143581
]
],
"t": [
147.84735,
-258.26459,
179.15236
]
},
{
"id": "H021",
"type": "hex",
"R": [
[
-0.591599272,
-0.766441045,
-0.250156804
],
[
0.46011437,
-0.066171967,
-0.885390331
],
[
0.662046122,
-0.638897015,
0.391797826
]
],
"t": [
91.54375,
-222.24134,
249.62853
]
},
{
"id": "H022",
"type": "hex",
"R": [
[
0.533632496,
0.247204231,
0.808780828
],
[
0.767963305,
-0.542183887,
-0.340982396
],
[
0.354215642,
0.803073285,
-0.47917072
]
],
"t": [
260.05164,
-125.70731,
-46.3112
]
},
{
"id": "H023",
"type": "hex",
"R": [
[
0.305165788,
0.361502205,
0.881016457
],
[
0.844497809,
-0.530292098,
-0.074924908
],
[
0.440110546,
0.766880986,
-0.467114826
]
],
"t": [
292.97518,
-45.16447,
-8.94695
]
},
{
"id": "H024",
"type": "hex",
"R": [
[
0.129686788,
0.346212949,
0.929149036
],
[
0.784268532,
-0.609188309,
0.117526478
],
[
0.606715919,
0.713460719,
-0.350527597
]
],
"t": [
319.3947,
34.2842,
35.43173
]
},
{
"id": "H025",
"type": "hex",
"R": [
[
-0.200647384,
-0.16311254,
0.965989092
],
[
0.952610668,
0.197637653,
0.231240725
],
[
-0.228634079,
0.966609361,
0.115727268
]
],
"t": [
334.07566,
91.15589,
190.70249
]
},
{
"id": "H026",
"type": "hex",
"R": [
[
0.502532383,
-0.016643845,
0.864398164
],
[
-0.586726913,
0.727766281,
0.35511656
],
[
-0.634990342,
-0.685623237,
0.355960731
]
],
"t": [
298.90826,
127.42053,
268.2054
]
},
{
"id": "H027",
"type": "hex",
"R": [
[
0.389257011,
-0.429009358,
0.815125727
],
[
0.425012894,
0.868741952,
0.254266516
],
[
-0.817216629,
0.24746392,
0.520498404
]
],
"t": [
271.39811,
88.3639,
361.98837
]
},
{
"id": "H028",
"type": "hex",
"R": [
[
0.407593928,
-0.908093912,
0.096086614
],
[
0.699616847,
0.242919242,
-0.671957223
],
[
0.586858976,
0.341109498,
0.734330207
]
],
"t": [
162.07783,
-139.3483,
407.39133
]
},
{
"id": "H029",
"type": "hex",
"R": [
[
0.529748983,
0.675328103,
0.513125684
],
[
-0.565550371,
0.732119701,
-0.379675548
],
[
-0.63207499,
-0.089065685,
0.769771726
]
],
"t": [
194.19362,
-48.73128,
424.76645
]
},
{
"id": "H030",
"type": "hex",
"R": [
[
-0.985263707,
0.018418412,
-0.170047609
],
[
0.134450633,
-0.531147767,
-0.83654353
],
[
-0.105728211,
-0.847078988,
0.520844251
]
],
"t": [
124.10193,
-189.20848,
334.17016
]
},
{
"id": "H031",
"type": "hex",
"R": [
[
0.995467378,
-0.082798969,
0.046787081
],
[
0.053348885,
0.078898087,
-0.995454162
],
[
0.078731167,
0.993438183,
0.082957704
]
],
"t": [
112.79915,
-264.4777,
90.19385
]
},
{
"id": "H032",
"type": "hex",
"R": [
[
-0.484079023,
-0.783767156,
0.389071386
],
[
-0.3961596,
-0.200154397,
-0.896100323
],
[
0.78020835,
-0.587917734,
-0.213606339
]
],
"t": [
165.00356,
-251.68772,
8.75335
]
},
{
"id": "H033",
"type": "hex",
"R": [
[
0.257272208,
0.700923146,
0.66522008
],
[
0.694173407,
0.344847407,
-0.631825567
],
[
-0.672260583,
0.624329248,
-0.397842554
]
],
"t": [
200.28751,
-195.89501,
-68.21067
]
},
{
"id": "H034",
"type": "hex",
"R": [
[
-0.200724647,
-0.184863849,
0.962047282
],
[
0.228695377,
0.946057574,
0.22950706
],
[
-0.952579677,
0.266083489,
-0.147619565
]
],
"t": [
327.23645,
106.79891,
94.72737
]
},
{
"id": "H035",
"type": "hex",
"R": [
[
-0.559159007,
-0.346827901,
0.753028294
],
[
0.561021551,
-0.827032219,
0.035672503
],
[
0.610406442,
0.442411703,
0.657020442
]
],
"t": [
215.00237,
45.18389,
428.0598
]
},
{
"id": "H036",
"type": "hex",
"R": [
[
0.30520816,
-0.926456958,
-0.220285008
],
[
0.252251226,
0.301713119,
-0.919422924
],
[
0.918268642,
0.225048215,
0.325785209
]
],
"t": [
50.95184,
-246.3895,
168.98835
]
},
{
"id": "H037",
"type": "hex",
"R": [
[
-0.533329488,
-0.732627601,
-0.422866948
],
[
0.603096614,
0.021209988,
-0.797386111
],
[
0.593156076,
-0.680299151,
0.430533314
]
],
"t": [
-4.18452,
-187.99842,
232.83708
]
},
{
"id": "H038",
"type": "hex",
"R": [
[
0.010268174,
0.586620249,
0.809797041
],
[
0.825673378,
0.451844247,
-0.337787283
],
[
-0.564054994,
0.672096317,
-0.479717108
]
],
"t": [
206.52466,
-122.05325,
-130.1844
]
},
{
"id": "H039",
"type": "hex",
"R": [
[
-0.159830433,
0.484390138,
0.860128145
],
[
0.881795899,
0.461722712,
-0.096167192
],
[
-0.443723139,
0.743087028,
-0.500930579
]
],
"t": [
247.92069,
-42.16371,
-93.18864
]
},
{
"id": "H040",
"type": "hex",
"R": [
[
0.228551397,
0.420389813,
0.878086934
],
[
0.802362027,
-0.592150244,
0.074654303
],
[
0.551343301,
0.687481267,
-0.472641588
]
],
"t": [
275.52886,
37.40026,
-51.12143
]
},
{
"id": "H041",
"type": "hex",
"R": [
[
0.346451951,
-0.261232715,
0.900959774
],
[
-0.868857837,
-0.451430481,
0.203215601
],
[
0.353634141,
-0.853210402,
-0.383373062
]
],
"t": [
287.14816,
115.02855,
3.36605
]
},
{
"id": "H042",
"type": "hex",
"R": [
[
-0.014550861,
-0.711662423,
0.702370891
],
[
0.554376675,
0.578851804,
0.597994223
],
[
-0.832138675,
0.39807937,
0.386106256
]
],
"t": [
265.40296,
222.50449,
234.13427
]
},
{
"id": "H043",
"type": "hex",
"R": [
[
0.308501528,
-0.206106416,
0.928626379
],
[
-0.640267474,
0.676990769,
0.362961513
],
[
-0.703480183,
-0.706543448,
0.076889452
]
],
"t": [
296.46559,
170.65191,
163.5278
]
},
{
"id": "H044",
"type": "hex",
"R": [
[
-0.367875984,
0.639485845,
0.675074155
],
[
-0.29936606,
-0.768781006,
0.565115676
],
[
0.880367663,
0.005798195,
0.474256426
]
],
"t": [
234.8781,
172.39713,
322.13248
]
},
{
"id": "H045",
"type": "hex",
"R": [
[
0.317063685,
0.641256257,
0.698756776
],
[
-0.880227539,
-0.075327153,
0.468535271
],
[
0.353086533,
-0.763620477,
0.540567912
]
],
"t": [
206.75453,
139.30186,
407.8914
]
},
{
"id": "H046",
"type": "hex",
"R": [
[
-0.465503222,
0.841981602,
-0.272715479
],
[
-0.430251638,
-0.48456205,
-0.761631898
],
[
-0.773427617,
-0.237205821,
0.587829159
]
],
"t": [
63.44791,
-131.80464,
397.96269
]
},
{
"id": "H047",
"type": "hex",
"R": [
[
0.571700187,
-0.819013783,
0.048737246
],
[
0.653743858,
0.418832366,
-0.630236794
],
[
0.495759885,
0.392168168,
0.774871773
]
],
"t": [
109.26445,
-74.20969,
458.57722
]
},
{
"id": "H048",
"type": "hex",
"R": [
[
0.611235447,
0.665391824,
0.428538153
],
[
-0.594904096,
0.743384446,
-0.305726481
],
[
-0.521996499,
-0.06806824,
0.850227246
]
],
"t": [
158.45876,
4.57389,
492.10429
]
},
{
"id": "H049",
"type": "hex",
"R": [
[
-0.38310197,
0.825860777,
-0.413747335
],
[
-0.295722153,
-0.53400318,
-0.792078918
],
[
-0.875089304,
-0.181092741,
0.448802997
]
],
"t": [
30.4766,
-166.71655,
316.05438
]
},
{
"id": "H050",
"type": "hex",
"R": [
[
0.978330093,
-0.121469017,
-0.167676796
],
[
-0.129857865,
0.270791728,
-0.953838967
],
[
0.161267371,
0.954943516,
0.249149989
]
],
"t": [
18.36612,
-259.68828,
83.76422
]
},
{
"id": "H051",
"type": "hex",
"R": [
[
-0.419440335,
0.899452816,
0.122696523
],
[
-0.057046986,
0.108776859,
-0.99242795
],
[
-0.905988657,
-0.423263779,
0.00568567
]
],
"t": [
74.16383,
-275.97793,
6.17236
]
},
{
"id": "H052",
"type": "hex",
"R": [
[
0.4496081,
-0.773361338,
0.446950553
],
[
-0.004991674,
-0.502545536,
-0.864536331
],
[
0.893211979,
0.386471505,
-0.229808911
]
],
"t": [
123.76345,
-249.26764,
-76.20129
]
},
{
"id": "H053",
"type": "hex",
"R": [
[
0.275068818,
0.668734746,
0.690746686
],
[
0.715376211,
0.337634184,
-0.611751612
],
[
-0.642319252,
0.66241754,
-0.385524293
]
],
"t": [
151.07903,
-197.5451,
-151.74678
]
},
{
"id": "H054",
"type": "hex",
"R": [
[
-0.126342137,
0.401028949,
0.907311108
],
[
0.714685497,
-0.597502846,
0.363613791
],
[
0.687940626,
0.694381833,
-0.211119788
]
],
"t": [
292.5698,
190.48989,
68.93137
]
},
{
"id": "H055",
"type": "hex",
"R": [
[
0.608498209,
-0.520437913,
0.599061188
],
[
0.449099506,
0.84823267,
0.280732919
],
[
-0.654247326,
0.098212605,
0.74987647
]
],
"t": [
171.1544,
102.60405,
488.57154
]
},
{
"id": "H056",
"type": "hex",
"R": [
[
-0.300711936,
0.868225793,
-0.394659732
],
[
-0.310834728,
-0.480440542,
-0.820096737
],
[
-0.901639675,
-0.123938927,
0.414348934
]
],
"t": [
-39.32779,
-218.57741,
154.51731
]
},
{
"id": "H057",
"type": "hex",
"R": [
[
-0.491277801,
-0.645106571,
-0.585221012
],
[
0.746249526,
0.034746239,
-0.664758861
],
[
0.449174538,
-0.763302175,
0.464340418
]
],
"t": [
-86.23548,
-149.87595,
214.78834
]
},
{
"id": "H058",
"type": "hex",
"R": [
[
-0.499253572,
-0.293144889,
0.81536001
],
[
-0.803152217,
0.509654171,
-0.308543582
],
[
-0.325103656,
-0.808899685,
-0.489886633
]
],
"t": [
161.36452,
-121.64951,
-214.58364
]
},
{
"id": "H059",
"type": "hex",
"R": [
[
-0.328854354,
-0.427270915,
0.842196164
],
[
-0.851699354,
0.519464842,
-0.069025276
],
[
-0.407998804,
-0.739997192,
-0.534734637
]
],
"t": [
197.9885,
-40.18083,
-179.78842
]
},
{
"id": "H060",
"type": "hex",
"R": [
[
0.546462478,
0.106073722,
0.830738904
],
[
0.021375053,
-0.993389884,
0.112781401
],
[
0.837210766,
-0.043873716,
-0.545117629
]
],
"t": [
223.03456,
42.07053,
-134.95366
]
},
{
"id": "H061",
"type": "hex",
"R": [
[
0.470932588,
-0.354230029,
0.807925482
],
[
-0.811592512,
-0.532913637,
0.239417315
],
[
0.345745705,
-0.768455687,
-0.538456837
]
],
"t": [
235.96949,
119.74936,
-83.38734
]
},
{
"id": "H062",
"type": "hex",
"R": [
[
-0.000240324,
-0.608575196,
0.793496171
],
[
-0.765720667,
0.510467514,
0.391273276
],
[
-0.643173228,
-0.607502385,
-0.466121283
]
],
"t": [
248.97322,
195.14771,
-27.80989
]
},
{
"id": "H063",
"type": "hex",
"R": [
[
-0.734728246,
-0.525840534,
0.428562874
],
[
0.579170059,
-0.157336547,
0.799879524
],
[
-0.353180474,
0.835904865,
0.420150699
]
],
"t": [
207.55669,
291.35917,
204.68607
]
},
{
"id": "H064",
"type": "hex",
"R": [
[
0.602945817,
0.684475357,
0.409816822
],
[
-0.621244263,
0.080556005,
0.779465391
],
[
0.500511645,
-0.724571747,
0.473797295
]
],
"t": [
185.47955,
240.79495,
274.77616
]
},
{
"id": "H065",
"type": "hex",
"R": [
[
-0.175735125,
-0.606564938,
0.775368391
],
[
0.314748177,
0.711664285,
0.628066501
],
[
-0.93276511,
0.354419133,
0.065850797
]
],
"t": [
269.42931,
254.01614,
137.35677
]
},
{
"id": "H066",
"type": "hex",
"R": [
[
0.622355112,
0.626602588,
0.469087743
],
[
-0.63264321,
0.049789762,
0.772841218
],
[
0.46090854,
-0.777746859,
0.427402786
]
],
"t": [
163.09221,
219.66048,
360.66364
]
},
{
"id": "H067",
"type": "hex",
"R": [
[
0.459240698,
0.769968872,
0.442996521
],
[
-0.718884947,
0.029186929,
0.694516059
],
[
0.521826039,
-0.63741357,
0.566922857
]
],
"t": [
125.12487,
179.38848,
437.9366
]
},
{
"id": "H068",
"type": "hex",
"R": [
[
-0.373475464,
-0.84768179,
-0.376764729
],
[
0.759304099,
-0.046032964,
-0.649105732
],
[
0.532891512,
-0.528504067,
0.66084044
]
],
"t": [
9.02701,
-64.37066,
452.7776
]
},
{
"id": "H069",
"type": "hex",
"R": [
[
0.823611007,
0.012293885,
-0.567021842
],
[
-0.474429718,
0.562760246,
-0.676917535
],
[
0.310775405,
0.826528745,
0.469328117
]
],
"t": [
-30.31586,
-98.04207,
372.18333
]
},
{
"id": "H070",
"type": "hex",
"R": [
[
-0.921243771,
0.363043081,
0.1396769
],
[
-0.375729511,
-0.923445059,
-0.077952274
],
[
0.10068391,
-0.12429378,
0.987124008
]
],
"t": [
76.52623,
63.43777,
546.06761
]
},
{
"id": "H071",
"type": "hex",
"R": [
[
0.795915671,
-0.014131799,
-0.605242544
],
[
-0.497949595,
0.553324451,
-0.667741157
],
[
0.344331883,
0.83284593,
0.433362678
]
],
"t": [
-48.80759,
-110.87018,
284.7699
]
},
{
"id": "H072",
"type": "hex",
"R": [
[
-0.919973416,
0.072952414,
-0.385132262
],
[
0.322670621,
-0.416917429,
-0.849743213
],
[
-0.222559172,
-0.906012032,
0.360013351
]
],
"t": [
-72.09069,
-236.49667,
69.95234
]
},
{
"id": "H073",
"type": "hex",
"R": [
[
0.983977228,
-0.120068397,
-0.131804382
],
[
-0.105609845,
0.203105853,
-0.973444695
],
[
0.143650185,
0.971767252,
0.187171129
]
],
"t": [
-20.39055,
-277.87456,
1.00172
]
},
{
"id": "H074",
"type": "hex",
"R": [
[
-0.537209534,
-0.823488291,
0.182408747
],
[
-0.117487831,
-0.141097491,
-0.982999546
],
[
0.835226033,
-0.549507536,
-0.020950936
]
],
"t": [
33.44902,
-278.00727,
-78.09247
]
},
{
"id": "H075",
"type": "hex",
"R": [
[
-0.867611497,
-0.012344184,
0.49708944
],
[
-0.485044131,
0.241085491,
-0.840600962
],
[
-0.109464519,
-0.970425374,
-0.215156018
]
],
"t": [
75.84596,
-253.68286,
-162.3449
]
},
{
"id": "H076",
"type": "hex",
"R": [
[
0.460021538,
-0.513002491,
0.724712791
],
[
-0.006576024,
-0.818148861,
-0.574968866
],
[
0.887883405,
0.259732333,
-0.379739614
]
],
"t": [
106.9159,
-195.69884,
-235.47317
]
},
{
"id": "H077",
"type": "hex",
"R": [
[
0.70715816,
-0.007597187,
0.707014582
],
[
-0.657428005,
-0.375080678,
0.653531104
],
[
0.260222511,
-0.926961039,
-0.270235965
]
],
"t": [
242.78948,
268.65635,
40.4388
]
},
{
"id": "H078",
"type": "hex",
"R": [
[
-0.439612997,
-0.684374364,
-0.581697638
],
[
0.730868504,
0.103882234,
-0.674566313
],
[
0.522083942,
-0.721692602,
0.454519688
]
],
"t": [
-116.11945,
-172.07621,
131.5163
]
},
{
"id": "H079",
"type": "hex",
"R": [
[
0.676588028,
-0.007953995,
-0.736318799
],
[
-0.528461809,
0.691101887,
-0.493058108
],
[
0.512793093,
0.722713578,
0.46338788
]
],
"t": [
-158.21422,
-97.03864,
178.32685
]
},
{
"id": "H080",
"type": "hex",
"R": [
[
0.048623959,
-0.570311967,
0.819987787
],
[
-0.862046049,
-0.438619666,
-0.253947627
],
[
0.50449214,
-0.694519293,
-0.512962603
]
],
"t": [
108.05214,
-119.20786,
-297.29412
]
},
{
"id": "H081",
"type": "hex",
"R": [
[
-0.250359208,
0.502038525,
0.827814947
],
[
0.885125181,
0.465130387,
-0.014392267
],
[
-0.392267359,
0.729116618,
-0.560816616
]
],
"t": [
142.37349,
-38.14258,
-262.36732
]
},
{
"id": "H082",
"type": "hex",
"R": [
[
0.173222742,
0.588278642,
0.78988741
],
[
0.84520055,
-0.500513072,
0.187410498
],
[
0.505598567,
0.635149514,
-0.583913679
]
],
"t": [
166.97583,
42.79682,
-216.55897
]
},
{
"id": "H083",
"type": "hex",
"R": [
[
0.645159526,
0.232608329,
0.727779192
],
[
-0.030515543,
-0.943926206,
0.328743241
],
[
0.763438267,
-0.234300411,
-0.601884814
]
],
"t": [
182.20874,
122.43206,
-168.02933
]
},
{
"id": "H084",
"type": "hex",
"R": [
[
-0.057338315,
-0.742988587,
0.666843518
],
[
-0.770564553,
0.45762923,
0.44362795
],
[
-0.634777589,
-0.488409098,
-0.598760357
]
],
"t": [
188.83195,
197.2284,
-112.41019
]
},
{
"id": "H085",
"type": "hex",
"R": [
[
0.750055026,
-0.236844893,
0.617512716
],
[
-0.654114283,
-0.4036266,
0.639703113
],
[
0.097734143,
-0.883736423,
-0.457665787
]
],
"t": [
183.02302,
263.20322,
-39.94173
]
},
{
"id": "H086",
"type": "hex",
"R": [
[
0.104325633,
0.848382964,
0.519001454
],
[
-0.079910398,
-0.513011302,
0.85465416
],
[
0.99132764,
-0.130635949,
0.014274392
]
],
"t": [
195.36201,
319.621,
111.78698
]
},
{
"id": "H087",
"type": "hex",
"R": [
[
-0.973379081,
0.206481025,
0.09949247
],
[
-0.019725892,
-0.507941461,
0.861165699
],
[
0.228350727,
0.836278099,
0.498492615
]
],
"t": [
116.99889,
298.63077,
220.96956
]
},
{
"id": "H088",
"type": "hex",
"R": [
[
-0.36446184,
0.91929638,
0.148531923
],
[
-0.311241181,
-0.270584612,
0.910995551
],
[
0.877665366,
0.285793864,
0.384740657
]
],
"t": [
93.68648,
254.00478,
297.147
]
},
{
"id": "H089",
"type": "hex",
"R": [
[
-0.381310462,
0.917207085,
0.115470756
],
[
-0.317159884,
-0.24712245,
0.915609143
],
[
0.868338609,
0.312508653,
0.385131669
]
],
"t": [
64.38051,
234.69417,
384.3388
]
},
{
"id": "H090",
"type": "hex",
"R": [
[
-0.753956935,
-0.652205447,
-0.078593863
],
[
0.365153621,
-0.515533398,
0.775169755
],
[
-0.546087698,
0.555745779,
0.626845161
]
],
"t": [
30.77404,
203.18688,
463.96629
]
},
{
"id": "H091",
"type": "hex",
"R": [
[
-0.26104892,
-0.653994772,
-0.710031196
],
[
0.864832454,
0.168324339,
-0.473002901
],
[
0.428856956,
-0.737534918,
0.521655017
]
],
"t": [
-62.85766,
-10.14672,
420.46872
]
},
{
"id": "H092",
"type": "hex",
"R": [
[
-0.077683658,
-0.891992332,
-0.445325643
],
[
0.912645833,
0.1161707,
-0.391895332
],
[
0.401301423,
-0.436868455,
0.805048521
]
],
"t": [
-16.4994,
20.13352,
504.97592
]
},
{
"id": "H093",
"type": "hex",
"R": [
[
-0.635221957,
0.044484692,
-0.771047455
],
[
0.539781113,
-0.688461079,
-0.484414794
],
[
-0.552385206,
-0.723907767,
0.413313597
]
],
"t": [
-101.59427,
-37.74388,
340.77605
]
},
{
"id": "H094",
"type": "hex",
"R": [
[
0.621136296,
0.704573664,
-0.343170008
],
[
-0.609534423,
0.709554182,
0.353554311
],
[
0.492602771,
-0.010431483,
0.870191757
]
],
"t": [
-0.98718,
119.3178,
515.5547
]
},
{
"id": "H095",
"type": "hex",
"R": [
[
0.653078073,
0.05404209,
-0.755359837
],
[
-0.613974272,
0.621683617,
-0.486358997
],
[
0.443310979,
0.781401902,
0.439188392
]
],
"t": [
-122.94134,
-60.61076,
254.01831
]
},
{
"id": "H096",
"type": "hex",
"R": [
[
0.386022805,
-0.698657651,
-0.602381839
],
[
0.218075379,
0.703600875,
-0.676305358
],
[
0.896342302,
0.129704644,
0.423966016
]
],
"t": [
-157.76675,
-197.81445,
49.15565
]
},
{
"id": "H097",
"type": "hex",
"R": [
[
0.378235531,
-0.844850831,
-0.378371452
],
[
0.177581388,
0.467365739,
-0.866045101
],
[
0.908516777,
0.260377301,
0.326804111
]
],
"t": [
-111.63179,
-256.86733,
-11.41722
]
},
{
"id": "H098",
"type": "hex",
"R": [
[
-0.482836774,
-0.870400998,
-0.096284745
],
[
0.200616023,
-0.002915828,
-0.979665611
],
[
0.852421176,
-0.492334846,
0.176024256
]
],
"t": [
-61.54778,
-271.4924,
-86.04765
]
},
{
"id": "H099",
"type": "hex",
"R": [
[
0.55164141,
0.800218103,
0.235250385
],
[
0.13841211,
0.190310798,
-0.971917634
],
[
-0.822516774,
0.568711516,
-0.005776559
]
],
"t": [
-10.93298,
-288.54986,
-163.74812
]
},
{
"id": "H100",
"type": "hex",
"R": [
[
-0.838562812,
-0.038936276,
0.543411794
],
[
-0.53708253,
0.226426708,
-0.812572029
],
[
-0.091404415,
-0.973249666,
-0.210785011
]
],
"t": [
31.29409,
-254.36628,
-243.15165
]
},
{
"id": "H101",
"type": "hex",
"R": [
[
-0.110717043,
-0.670275995,
0.733806396
],
[
-0.721715953,
-0.453391776,
-0.523031528
],
[
0.683277264,
-0.587508287,
-0.433550682
]
],
"t": [
56.00158,
-195.93489,
-316.74572
]
},
{
"id": "H102",
"type": "hex",
"R": [
[
0.351685464,
-0.553095993,
-0.755249731
],
[
0.269429725,
0.832455382,
-0.484175238
],
[
0.896507087,
-0.033209334,
0.441782959
]
],
"t": [
-188.52834,
-119.86093,
94.6614
]
},
{
"id": "H103",
"type": "hex",
"R": [
[
0.331507271,
-0.371215302,
-0.86735352
],
[
0.282253552,
0.916256336,
-0.284266175
],
[
0.900242113,
-0.150577308,
0.408522475
]
],
"t": [
-208.59492,
-28.48757,
119.81429
]
},
{
"id": "H104",
"type": "hex",
"R": [
[
-0.197842888,
0.602187912,
0.773451944
],
[
0.828088917,
0.52489803,
-0.196852238
],
[
-0.52452544,
0.601541168,
-0.602512478
]
],
"t": [
55.74277,
-119.89081,
-379.43259
]
},
{
"id": "H105",
"type": "hex",
"R": [
[
0.602365552,
0.014814099,
0.79808288
],
[
-0.049966573,
-0.997167169,
0.056222576
],
[
0.796654934,
-0.073744009,
-0.599918943
]
],
"t": [
92.84155,
-35.60145,
-341.66133
]
},
{
"id": "H106",
"type": "hex",
"R": [
[
0.159037825,
0.64863919,
0.744294411
],
[
0.80834654,
-0.518378508,
0.279033319
],
[
0.566818173,
0.55727096,
-0.606767036
]
],
"t": [
111.20915,
45.07388,
-294.86397
]
},
{
"id": "H107",
"type": "hex",
"R": [
[
-0.696669493,
-0.310180765,
0.646869006
],
[
0.00921746,
0.897750334,
0.440408192
],
[
-0.717333016,
0.312781441,
-0.622576191
]
],
"t": [
119.36582,
121.37148,
-239.5693
]
},
{
"id": "H108",
"type": "hex",
"R": [
[
0.709550749,
-0.447013213,
0.544717286
],
[
-0.704570249,
-0.462007637,
0.538636898
],
[
0.010885736,
-0.765981808,
-0.642770076
]
],
"t": [
118.56166,
193.25819,
-176.51344
]
},
{
"id": "H109",
"type": "hex",
"R": [
[
-0.766267456,
0.443591473,
0.464823398
],
[
0.635698936,
0.418259895,
0.648803147
],
[
0.093386558,
0.792644476,
-0.602489573
]
],
"t": [
118.00273,
262.02053,
-112.30173
]
},
{
"id": "H110",
"type": "hex",
"R": [
[
0.048510843,
0.900214148,
0.432736856
],
[
0.41045076,
-0.412942724,
0.81302428
],
[
0.910591496,
0.138176678,
-0.389525781
]
],
"t": [
120.93197,
329.20096,
-46.67438
]
},
{
"id": "H111",
"type": "hex",
"R": [
[
-0.722776286,
-0.603462041,
0.336790744
],
[
0.231718453,
0.247508017,
0.940769015
],
[
-0.651076799,
0.758006165,
-0.039059635
]
],
"t": [
114.46119,
376.1256,
61.71803
]
},
{
"id": "H112",
"type": "hex",
"R": [
[
-0.960595456,
0.239993581,
0.140212164
],
[
0.024631438,
-0.428964409,
0.902985508
],
[
0.276856754,
0.870857403,
0.406149875
]
],
"t": [
111.58864,
352.15237,
155.1438
]
},
{
"id": "H113",
"type": "hex",
"R": [
[
0.415535353,
-0.891004135,
-0.182871542
],
[
0.43499589,
0.018098646,
0.900250529
],
[
-0.798817217,
-0.453634291,
0.395103764
]
],
"t": [
28.5248,
269.92397,
230.34664
]
},
{
"id": "H114",
"type": "hex",
"R": [
[
0.9601361,
-0.182744296,
-0.211525866
],
[
0.257351229,
0.282462002,
0.924113392
],
[
-0.109128432,
-0.94171107,
0.318231435
]
],
"t": [
-3.36595,
253.9443,
313.24448
]
},
{
"id": "H115",
"type": "hex",
"R": [
[
0.882595812,
-0.283712827,
-0.374875531
],
[
0.458534755,
0.343463258,
0.819621174
],
[
-0.10378107,
-0.895287676,
0.433231425
]
],
"t": [
-33.59389,
218.72916,
393.88188
]
},
{
"id": "H116",
"type": "hex",
"R": [
[
0.424065959,
0.465228927,
-0.777000713
],
[
-0.684298422,
0.726597392,
0.061578397
],
[
0.593214743,
0.50558706,
0.626480641
]
],
"t": [
-80.33021,
79.28392,
459.76506
]
},
{
"id": "H117",
"type": "hex",
"R": [
[
0.013910993,
0.441135728,
-0.897332577
],
[
-0.974062416,
-0.196724497,
-0.11181181
],
[
-0.225851484,
0.875613352,
0.4269571
]
],
"t": [
-124.03937,
50.91188,
379.66768
]
},
{
"id": "H118",
"type": "hex",
"R": [
[
0.354531129,
-0.276925718,
-0.893095642
],
[
0.241244752,
0.949890313,
-0.198769622
],
[
0.903387319,
-0.144984618,
0.403572562
]
],
"t": [
-148.99907,
27.92783,
286.75002
]
},
{
"id": "H119",
"type": "hex",
"R": [
[
-0.496295444,
-0.09525136,
-0.862912516
],
[
0.594868611,
-0.761258536,
-0.25810226
],
[
-0.632314928,
-0.641414546,
0.434471188
]
],
"t": [
-182.85479,
-3.2558,
203.58266
]
},
{
"id": "H120",
"type": "hex",
"R": [
[
0.625969786,
-0.016057419,
-0.779681977
],
[
-0.534306452,
0.719423924,
-0.443785796
],
[
0.568047922,
0.694385611,
0.441758058
]
],
"t": [
-229.87899,
-140.32991,
13.17853
]
},
{
"id": "H121",
"type": "hex",
"R": [
[
0.458150991,
0.644613144,
-0.612022519
],
[
-0.74289678,
-0.100371852,
-0.661838247
],
[
-0.488059467,
0.757891407,
0.432895566
]
],
"t": [
-199.29742,
-223.19617,
-28.47303
]
},
{
"id": "H122",
"type": "hex",
"R": [
[
-0.937223954,
-0.009056767,
-0.348610434
],
[
0.328637568,
-0.357343768,
-0.874244119
],
[
-0.116655941,
-0.933929016,
0.337887533
]
],
"t": [
-153.70282,
-255.82004,
-96.11171
]
},
{
"id": "H123",
"type": "hex",
"R": [
[
0.989302372,
-0.129395446,
-0.067361967
],
[
-0.042422564,
0.18662221,
-0.981515398
],
[
0.139574862,
0.973873179,
0.179136508
]
],
"t": [
-106.26574,
-297.93179,
-168.03287
]
},
{
"id": "H124",
"type": "hex",
"R": [
[
0.412144221,
-0.876816024,
0.247650561
],
[
0.067171838,
-0.241828468,
-0.967991186
],
[
0.908639139,
0.415587117,
-0.040770862
]
],
"t": [
-50.99285,
-304.73283,
-246.87378
]
},
{
"id": "H125",
"type": "hex",
"R": [
[
-0.850341932,
-0.12966301,
0.510005982
],
[
-0.522498518,
0.323257966,
-0.78898643
],
[
-0.062561141,
-0.937385615,
-0.342628534
]
],
"t": [
-15.18478,
-261.12667,
-324.93352
]
},
{
"id": "H126",
"type": "hex",
"R": [
[
-0.082251512,
0.775859494,
0.62552117
],
[
0.720444343,
0.479967818,
-0.500590494
],
[
-0.688617918,
0.409478864,
-0.598441662
]
],
"t": [
13.24986,
-205.24135,
-404.45429
]
},
{
"id": "H127",
"type": "hex",
"R": [
[
-0.26759913,
0.379163926,
-0.885790846
],
[
-0.420690946,
-0.87304084,
-0.24661472
],
[
-0.866838989,
0.306650304,
0.3931358
]
],
"t": [
-249.67755,
-59.67067,
50.17636
]
},
{
"id": "H128",
"type": "hex",
"R": [
[
0.291832938,
-0.208676166,
-0.93342798
],
[
0.594254295,
0.804254882,
0.005993126
],
[
0.749463387,
-0.556442578,
0.358714774
]
],
"t": [
-228.23236,
63.20426,
138.59982
]
},
{
"id": "H129",
"type": "hex",
"R": [
[
0.280816307,
0.666753061,
0.690349591
],
[
0.862820377,
-0.490401772,
0.12266662
],
[
0.420337007,
0.561200907,
-0.713000942
]
],
"t": [
27.80203,
-39.71256,
-422.35808
]
},
{
"id": "H130",
"type": "hex",
"R": [
[
-0.522445097,
-0.610665471,
0.595095625
],
[
-0.826002365,
0.535649605,
-0.175498127
],
[
-0.21159209,
-0.58323853,
-0.784258634
]
],
"t": [
-13.96287,
-124.19858,
-453.52889
]
},
{
"id": "H131",
"type": "hex",
"R": [
[
-0.705166512,
-0.265450286,
0.657477251
],
[
0.009136407,
0.923797037,
0.382773511
],
[
-0.708982875,
0.275926042,
-0.649005472
]
],
"t": [
44.94158,
44.60338,
-361.87134
]
},
{
"id": "H132",
"type": "hex",
"R": [
[
0.036033663,
0.846749489,
0.53077008
],
[
0.723450095,
-0.38850981,
0.570683877
],
[
0.689435664,
0.363421835,
-0.62658043
]
],
"t": [
48.63632,
117.43851,
-301.99234
]
},
{
"id": "H133",
"type": "hex",
"R": [
[
-0.78359428,
-0.491877625,
0.379521285
],
[
-0.136039056,
0.731898255,
0.667696277
],
[
-0.606195826,
0.471573267,
-0.640425854
]
],
"t": [
47.17589,
186.85724,
-238.15398
]
},
{
"id": "H134",
"type": "hex",
"R": [
[
0.856393912,
0.45663142,
0.240992146
],
[
0.158657426,
-0.676897108,
0.718775435
],
[
0.491342334,
-0.577319713,
-0.652138528
]
],
"t": [
44.27393,
254.65555,
-171.72936
]
},
{
"id": "H135",
"type": "hex",
"R": [
[
-0.004259372,
0.991146326,
0.132705761
],
[
0.563490967,
-0.107252799,
0.819130495
],
[
0.826111244,
0.078267479,
-0.558045172
]
],
"t": [
43.16548,
319.48578,
-104.07388
]
},
{
"id": "H136",
"type": "hex",
"R": [
[
0.885169093,
-0.465249353,
-0.004326205
],
[
-0.094117282,
-0.188155213,
0.977619329
],
[
-0.455650758,
-0.864951245,
-0.210337183
]
],
"t": [
35.99428,
357.78059,
-7.8696
]
},
{
"id": "H137",
"type": "hex",
"R": [
[
0.874555946,
0.450758172,
-0.17879868
],
[
0.040174011,
0.300098371,
0.953061917
],
[
0.48325764,
-0.840689026,
0.244344051
]
],
"t": [
22.76488,
372.42632,
85.9601
]
},
{
"id": "H138",
"type": "hex",
"R": [
[
0.155747636,
-0.962520152,
-0.222030699
],
[
0.509022893,
-0.114426917,
0.853113225
],
[
-0.846544959,
-0.245889077,
0.47212307
]
],
"t": [
18.48323,
324.76998,
165.97103
]
},
{
"id": "H139",
"type": "hex",
"R": [
[
-0.745525056,
-0.442306427,
-0.498555328
],
[
-0.214117299,
-0.549438193,
0.807633243
],
[
-0.631146712,
0.708860139,
0.314914482
]
],
"t": [
-84.40051,
249.39542,
246.73213
]
},
{
"id": "H140",
"type": "hex",
"R": [
[
-0.182925018,
0.757615482,
-0.626543868
],
[
-0.557386861,
0.44505274,
0.700890824
],
[
0.809850804,
0.477437786,
0.340873635
]
],
"t": [
-91.10762,
197.2539,
320.34426
]
},
{
"id": "H141",
"type": "hex",
"R": [
[
-0.466671885,
0.421557147,
-0.777500433
],
[
-0.884041251,
-0.196258227,
0.424209589
],
[
0.026237727,
0.885309144,
0.464262104
]
],
"t": [
-104.66262,
145.93717,
395.61724
]
},
{
"id": "H142",
"type": "hex",
"R": [
[
0.442017488,
0.084098511,
-0.893055419
],
[
0.320556884,
0.915042228,
0.244828521
],
[
0.837773134,
-0.39449355,
0.377506311
]
],
"t": [
-149.43358,
117.41189,
316.47273
]
},
{
"id": "H143",
"type": "hex",
"R": [
[
-0.169592137,
0.358576034,
-0.917966086
],
[
-0.973923404,
-0.20341772,
0.100471067
],
[
-0.150704052,
0.911067758,
0.383723637
]
],
"t": [
-185.69008,
90.78928,
224.41064
]
},
{
"id": "H144",
"type": "hex",
"R": [
[
-0.002002638,
-0.468271942,
-0.883582129
],
[
0.633325583,
-0.684385737,
0.361268416
],
[
-0.773882869,
-0.558871677,
0.297939177
]
],
"t": [
-192.2284,
146.81184,
147.44767
]
},
{
"id": "H145",
"type": "hex",
"R": [
[
-0.023348161,
-0.430460305,
-0.90230748
],
[
0.950602607,
0.269885426,
-0.153351035
],
[
0.309531171,
-0.861316308,
0.40289536
]
],
"t": [
-269.79949,
-71.45722,
-43.01896
]
},
{
"id": "H146",
"type": "hex",
"R": [
[
-0.591700055,
-0.078515907,
-0.802325556
],
[
0.610108566,
-0.694141437,
-0.382014663
],
[
-0.526933186,
-0.715543792,
0.458626754
]
],
"t": [
-276.18369,
-157.01718,
-61.65683
]
},
{
"id": "H147",
"type": "hex",
"R": [
[
0.450933171,
-0.648913873,
-0.612837711
],
[
0.193300169,
0.741313544,
-0.642720214
],
[
0.871374959,
0.171362231,
0.459718029
]
],
"t": [
-238.93166,
-218.86841,
-116.73766
]
},
{
"id": "H148",
"type": "hex",
"R": [
[
0.935892372,
-0.058816037,
-0.347341534
],
[
-0.309632579,
0.332934124,
-0.890664098
],
[
0.168027181,
0.94111399,
0.293379146
]
],
"t": [
-200.61271,
-280.69572,
-179.75252
]
},
{
"id": "H149",
"type": "hex",
"R": [
[
-0.338921251,
0.934092936,
-0.112262075
],
[
-0.027229626,
-0.129013505,
-0.991268916
],
[
-0.940420615,
-0.332905246,
0.06916042
]
],
"t": [
-147.6726,
-312.69507,
-252.16298
]
},
{
"id": "H150",
"type": "hex",
"R": [
[
0.503479217,
-0.845167136,
0.179446902
],
[
-0.140607538,
-0.285071673,
-0.948136942
],
[
0.852489412,
0.452135659,
-0.262364533
]
],
"t": [
-101.61689,
-306.63173,
-337.18387
]
},
{
"id": "H151",
"type": "hex",
"R": [
[
-0.268772588,
0.884060007,
0.382360041
],
[
0.734653574,
0.444884367,
-0.512212872
],
[
-0.62293292,
0.143233391,
-0.769050566
]
],
"t": [
-79.12502,
-196.17454,
-454.79126
]
},
{
"id": "H152",
"type": "hex",
"R": [
[
-0.274485565,
0.151794542,
-0.949534671
],
[
-0.429867045,
-0.902669789,
-0.020039341
],
[
-0.860158124,
0.402673154,
0.313021299
]
],
"t": [
-263.85764,
34.37278,
42.0748
]
},
{
"id": "H153",
"type": "hex",
"R": [
[
-0.337910277,
-0.141605122,
-0.930464741
],
[
-0.406769421,
-0.869543876,
0.28005729
],
[
-0.848737464,
0.473118841,
0.236227179
]
],
"t": [
-241.78541,
122.3435,
59.25028
]
},
{
"id": "H154",
"type": "hex",
"R": [
[
-0.511244813,
0.756142387,
0.408506342
],
[
0.85862823,
0.469969795,
0.204660585
],
[
-0.037233099,
0.455386739,
-0.889514819
]
],
"t": [
-52.07033,
-39.24518,
-481.35669
]
},
{
"id": "H155",
"type": "hex",
"R": [
[
0.69994228,
-0.565188864,
0.436626102
],
[
-0.713109721,
-0.519302797,
0.470955552
],
[
-0.039437677,
-0.64100402,
-0.766523656
]
],
"t": [
-25.70547,
41.65634,
-425.71116
]
},
{
"id": "H156",
"type": "hex",
"R": [
[
-0.641654462,
-0.730029818,
0.235236088
],
[
-0.765017619,
0.631159717,
-0.128005681
],
[
-0.055023579,
-0.262095168,
-0.963472121
]
],
"t": [
-111.81422,
-121.98851,
-506.35071
]
},
{
"id": "H157",
"type": "hex",
"R": [
[
0.009750528,
0.941541258,
0.33675657
],
[
0.676836319,
-0.254113932,
0.690882556
],
[
0.736068967,
0.221192607,
-0.639747064
]
],
"t": [
-27.63084,
110.49528,
-359.33953
]
},
{
"id": "H158",
"type": "hex",
"R": [
[
0.861424386,
-0.480639605,
0.164114585
],
[
-0.405611757,
-0.456581558,
0.791841135
],
[
-0.305658518,
-0.748678069,
-0.588263563
]
],
"t": [
-32.17402,
171.80768,
-288.98989
]
},
{
"id": "H159",
"type": "hex",
"R": [
[
-0.892074444,
-0.451769227,
-0.010380322
],
[
-0.272836386,
0.520153521,
0.809321086
],
[
-0.360227,
0.724806788,
-0.587274747
]
],
"t": [
-36.83942,
229.78876,
-216.18558
]
},
{
"id": "H160",
"type": "hex",
"R": [
[
0.885961374,
-0.427259073,
-0.180338924
],
[
-0.10886873,
-0.569609449,
0.814673355
],
[
-0.450799338,
-0.702135856,
-0.551167123
]
],
"t": [
-44.06763,
288.19363,
-141.76849
]
},
{
"id": "H161",
"type": "hex",
"R": [
[
0.802344434,
-0.49737119,
-0.329947432
],
[
0.095354756,
-0.438887723,
0.893467983
],
[
-0.589195111,
-0.74833112,
-0.304712414
]
],
"t": [
-42.20491,
335.62067,
-60.49276
]
},
{
"id": "H162",
"type": "hex",
"R": [
[
-0.285450958,
0.828847302,
-0.48117554
],
[
-0.456860822,
0.323669679,
0.828562688
],
[
0.842493881,
0.456344266,
0.28627604
]
],
"t": [
-70.19746,
325.18734,
95.29114
]
},
{
"id": "H163",
"type": "hex",
"R": [
[
-0.275876334,
0.83101611,
-0.483016018
],
[
-0.54208787,
0.280459448,
0.792138396
],
[
0.793746174,
0.480369362,
0.373111629
]
],
"t": [
-61.50307,
278.13062,
166.57381
]
},
{
"id": "H164",
"type": "hex",
"R": [
[
-0.061981312,
0.607664932,
-0.791771209
],
[
-0.591674053,
0.616502323,
0.519467709
],
[
0.803791099,
0.500667771,
0.321327951
]
],
"t": [
-149.04713,
178.59936,
244.81503
]
},
{
"id": "H165",
"type": "hex",
"R": [
[
0.663625687,
-0.230106053,
-0.711795021
],
[
0.747875181,
0.182657888,
0.638215332
],
[
-0.016842236,
-0.955869918,
0.293307072
]
],
"t": [
-141.6944,
226.52335,
164.09148
]
},
{
"id": "H166",
"type": "hex",
"R": [
[
-0.425868466,
-0.360125531,
-0.830027501
],
[
-0.358669817,
-0.775021868,
0.520285563
],
[
-0.830657578,
0.519279026,
0.200891216
]
],
"t": [
-202.02531,
203.30429,
73.4863
]
},
{
"id": "H167",
"type": "hex",
"R": [
[
-0.331756578,
0.18820981,
-0.924399611
],
[
-0.342227796,
-0.937154296,
-0.067985002
],
[
-0.879100511,
0.29380077,
0.37531773
]
],
"t": [
-345.0521,
-83.554,
-139.30804
]
},
{
"id": "H168",
"type": "hex",
"R": [
[
0.112021011,
-0.277115866,
-0.954284072
],
[
0.977628668,
0.202780946,
0.055875536
],
[
0.17802663,
-0.9391947,
0.293632142
]
],
"t": [
-300.19304,
8.39843,
-43.21304
]
},
{
"id": "H169",
"type": "hex",
"R": [
[
0.105426908,
0.535028993,
-0.838229768
],
[
-0.907064954,
-0.29374307,
-0.301576157
],
[
-0.407576173,
0.792123087,
0.454337626
]
],
"t": [
-307.26151,
-157.72548,
-146.62383
]
},
{
"id": "H170",
"type": "hex",
"R": [
[
-0.747323899,
0.020602026,
-0.664140457
],
[
0.577282954,
-0.474793424,
-0.664315885
],
[
-0.329015775,
-0.879856103,
0.342931274
]
],
"t": [
-287.66407,
-239.48254,
-194.83708
]
},
{
"id": "H171",
"type": "hex",
"R": [
[
0.890645996,
-0.141617454,
-0.43208125
],
[
-0.410220729,
0.159634539,
-0.897906324
],
[
0.196134298,
0.976965358,
