{
"description": "HIV-1 CA pseudo-atomic capsid -- per-capsomer instance transforms",
"frame": "Angstrom; world = R @ canonical_template + t",
"hexamer_template": "RCSB 3H47 (canonical: centroid origin, axis +z, NTD out)",
"pentamer_template": "RCSB 3P05 (canonical)",
"spacing_A": 95.5,
"azimuth_deg": 30.0,
"cage": "cage_4_best.json",
"mesh_surface_obj": "cage_4_process_surface.obj",
"n_capsomers": 192,
"capsomers": [
{
"id": "P001",
"type": "pent",
"R": [
[
0.779675423,
0.19310337,
0.595665446
],
[
-0.61440408,
0.419560041,
0.668189343
],
[
-0.120887805,
-0.886950089,
0.445764151
]
],
"t": [
154.98632,
77.60311,
400.11537
]
},
{
"id": "P002",
"type": "pent",
"R": [
[
0.316212084,
0.678189149,
-0.663377265
],
[
-0.278928622,
0.734812843,
0.618262816
],
[
0.906757267,
-0.010467267,
0.421523065
]
],
"t": [
-182.69198,
120.21891,
255.19665
]
},
{
"id": "P003",
"type": "pent",
"R": [
[
0.622618916,
0.206881822,
0.754682448
],
[
-0.640006059,
-0.420299054,
0.643226981
],
[
0.450264289,
-0.883486625,
-0.129280522
]
],
"t": [
202.07166,
274.18531,
-345.34837
]
},
{
"id": "P004",
"type": "pent",
"R": [
[
0.81516796,
-0.391561824,
-0.426826118
],
[
0.313939902,
-0.320592522,
0.89367901
],
[
-0.486767845,
-0.862496245,
-0.138409872
]
],
"t": [
-17.1879,
319.23544,
-357.59611
]
},
{
"id": "P005",
"type": "pent",
"R": [
[
-0.802810961,
0.469570613,
0.36742074
],
[
-0.526237844,
-0.847741332,
-0.066395525
],
[
0.28030036,
-0.246653753,
0.927681861
]
],
"t": [
127.62506,
-69.0897,
499.17703
]
},
{
"id": "P006",
"type": "pent",
"R": [
[
0.850402784,
-0.167769804,
0.498666619
],
[
0.506609827,
0.51689887,
-0.690044956
],
[
-0.141991504,
0.839445562,
0.52456607
]
],
"t": [
145.50149,
-219.42583,
403.49207
]
},
{
"id": "P007",
"type": "pent",
"R": [
[
-0.646332986,
-0.147382208,
0.748686955
],
[
-0.387760656,
0.908478546,
-0.15591153
],
[
-0.65718745,
-0.391082109,
-0.644328673
]
],
"t": [
197.20803,
117.39766,
-437.86929
]
},
{
"id": "P008",
"type": "pent",
"R": [
[
-0.782359503,
0.131731047,
-0.608736839
],
[
0.128051385,
-0.92247622,
-0.364198389
],
[
-0.609521493,
-0.362883666,
0.704839694
]
],
"t": [
-164.32297,
-155.70541,
374.30984
]
},
{
"id": "P009",
"type": "pent",
"R": [
[
-0.924224909,
0.149342228,
-0.351433091
],
[
0.051389734,
0.960620775,
0.273069263
],
[
0.3783747,
0.234317362,
-0.895504305
]
],
"t": [
-12.09431,
210.90572,
-493.71138
]
},
{
"id": "P010",
"type": "pent",
"R": [
[
0.861170875,
0.010040743,
-0.508216399
],
[
-0.296590878,
-0.802045243,
-0.518418054
],
[
-0.412817848,
0.597178877,
-0.687720011
]
],
"t": [
-99.35267,
-22.3375,
-413.961
]
},
{
"id": "P011",
"type": "pent",
"R": [
[
-0.290980238,
-0.915230323,
0.278718419
],
[
-0.180797726,
-0.233472385,
-0.955407153
],
[
0.939490651,
-0.328396257,
-0.097535711
]
],
"t": [
68.21848,
-339.20264,
126.90524
]
},
{
"id": "P012",
"type": "pent",
"R": [
[
0.093843529,
-0.645234333,
-0.758199214
],
[
-0.564129793,
0.593042053,
-0.574507354
],
[
0.820335887,
0.481636564,
-0.308342751
]
],
"t": [
-224.70933,
-219.74598,
-79.76184
]
},
{
"id": "H001",
"type": "hex",
"R": [
[
0.589439741,
0.65218488,
0.476671453
],
[
-0.513349135,
-0.153194245,
0.844395754
],
[
0.623725466,
-0.742419293,
0.244499768
]
],
"t": [
111.32195,
222.02498,
23.96617
]
},
{
"id": "H002",
"type": "hex",
"R": [
[
0.21595234,
-0.879601345,
0.423870335
],
[
0.157046311,
0.459752169,
0.87405057
],
[
-0.963691363,
-0.122185994,
0.237422703
]
],
"t": [
89.21807,
205.37349,
118.8165
]
},
{
"id": "H003",
"type": "hex",
"R": [
[
-0.649564616,
0.235962142,
0.722763915
],
[
0.546945964,
-0.515300787,
0.659784215
],
[
0.528124912,
0.823885287,
0.205662616
]
],
"t": [
164.93245,
159.81821,
75.51798
]
},
{
"id": "H004",
"type": "hex",
"R": [
[
-0.662870635,
-0.733161313,
0.151911193
],
[
0.264279296,
-0.039274223,
0.963646195
],
[
-0.700541915,
0.678919748,
0.219793085
]
],
"t": [
23.26987,
239.53868,
55.7008
]
},
{
"id": "H005",
"type": "hex",
"R": [
[
-0.543089381,
-0.520682727,
0.658743821
],
[
0.6494831,
0.236744261,
0.722581385
],
[
-0.532189465,
0.820269256,
0.209601338
]
],
"t": [
146.16271,
149.38085,
171.39021
]
},
{
"id": "H006",
"type": "hex",
"R": [
[
0.429028049,
0.461404052,
0.776557296
],
[
-0.744180007,
-0.306731754,
0.593390047
],
[
0.511987354,
-0.832479388,
0.211771145
]
],
"t": [
179.81527,
170.48163,
-22.02157
]
},
{
"id": "H007",
"type": "hex",
"R": [
[
0.241264489,
-0.963167946,
0.118739016
],
[
0.203990593,
0.169952607,
0.964107851
],
[
-0.948777784,
-0.208383346,
0.237480729
]
],
"t": [
-0.20752,
223.68785,
148.99863
]
},
{
"id": "H008",
"type": "hex",
"R": [
[
-0.27180609,
0.946908156,
0.171716027
],
[
-0.18801446,
-0.227245702,
0.955515543
],
[
0.94380719,
0.227429847,
0.239799191
]
],
"t": [
49.02307,
257.86602,
-41.37063
]
},
{
"id": "H009",
"type": "hex",
"R": [
[
-0.420193161,
0.160570261,
0.893115277
],
[
0.691563863,
-0.580567194,
0.429745456
],
[
0.587517771,
0.798222353,
0.132905775
]
],
"t": [
204.43593,
88.27411,
125.73033
]
},
{
"id": "H010",
"type": "hex",
"R": [
[
-0.899601046,
0.268982181,
0.344044392
],
[
0.22541675,
-0.388744009,
0.893345053
],
[
0.374039097,
0.881207513,
0.289081429
]
],
"t": [
66.66963,
190.69436,
208.93806
]
},
{
"id": "H011",
"type": "hex",
"R": [
[
-0.357326426,
0.089110796,
0.929718824
],
[
0.759857032,
-0.551078895,
0.344861337
],
[
0.543079291,
0.829681455,
0.129203587
]
],
"t": [
214.28344,
93.45278,
26.3756
]
},
{
"id": "H012",
"type": "hex",
"R": [
[
-0.108250422,
0.844261174,
0.524885622
],
[
-0.253023492,
-0.53399883,
0.806736861
],
[
0.961384917,
-0.045478788,
0.271423509
]
],
"t": [
138.60686,
239.97415,
-70.42744
]
},
{
"id": "H013",
"type": "hex",
"R": [
[
0.955922465,
-0.221986584,
-0.192182721
],
[
0.218933467,
0.102733054,
0.970316472
],
[
-0.195653721,
-0.969622543,
0.146805126
]
],
"t": [
-68.05669,
237.77926,
82.69902
]
},
{
"id": "H014",
"type": "hex",
"R": [
[
0.959039384,
-0.221830395,
-0.176166785
],
[
0.205948588,
0.11902071,
0.971297714
],
[
-0.19449586,
-0.967794062,
0.159831205
]
],
"t": [
-42.44002,
251.07315,
-13.41593
]
},
{
"id": "H015",
"type": "hex",
"R": [
[
-0.118002482,
0.518701953,
0.846772519
],
[
-0.069315372,
-0.854952877,
0.514053457
],
[
0.990591133,
0.001965232,
0.136840581
]
],
"t": [
192.46396,
80.90111,
219.99927
]
},
{
"id": "H016",
"type": "hex",
"R": [
[
0.808329508,
-0.218802584,
0.546560917
],
[
-0.410586028,
0.455825765,
0.789710064
],
[
-0.421927151,
-0.862756223,
0.278620133
]
],
"t": [
122.71552,
136.28671,
262.00572
]
},
{
"id": "H017",
"type": "hex",
"R": [
[
-0.078667984,
0.251987866,
0.964527586
],
[
-0.138965832,
-0.960851517,
0.23969326
],
[
0.987167587,
-0.115180193,
0.110605955
]
],
"t": [
227.24695,
99.27364,
-68.9241
]
},
{
"id": "H018",
"type": "hex",
"R": [
[
-0.186051591,
0.521516539,
0.832709617
],
[
-0.118500775,
-0.853230922,
0.507892272
],
[
0.975367814,
-0.00418257,
0.220545085
]
],
"t": [
199.16849,
181.42858,
-114.90939
]
},
{
"id": "H019",
"type": "hex",
"R": [
[
0.763676179,
0.644137645,
0.04342105
],
[
-0.270250242,
0.257873039,
0.927613229
],
[
0.586313483,
-0.720130676,
0.371009851
]
],
"t": [
-23.19303,
201.18949,
241.25291
]
},
{
"id": "H020",
"type": "hex",
"R": [
[
0.753091892,
0.615938558,
-0.231240772
],
[
0.038028572,
0.310134726,
0.949931724
],
[
0.656815369,
-0.724179636,
0.210136684
]
],
"t": [
-92.50707,
215.4489,
173.1869
]
},
{
"id": "H021",
"type": "hex",
"R": [
[
-0.217022815,
0.957917781,
0.187868632
],
[
-0.235625107,
-0.238170068,
0.942207954
],
[
0.947302437,
0.160214056,
0.277397818
]
],
"t": [
74.96103,
282.59985,
-130.8389
]
},
{
"id": "H022",
"type": "hex",
"R": [
[
0.961009729,
-0.21002344,
-0.179862323
],
[
0.212364642,
0.144000955,
0.966522107
],
[
-0.177091951,
-0.967033546,
0.182987871
]
],
"t": [
-18.61051,
273.24324,
-109.85136
]
},
{
"id": "H023",
"type": "hex",
"R": [
[
0.157268449,
0.115898306,
0.980731471
],
[
-0.914704373,
-0.357257462,
0.188899487
],
[
0.372266766,
-0.926787294,
0.04982736
]
],
"t": [
228.82543,
7.10695,
170.87554
]
},
{
"id": "H024",
"type": "hex",
"R": [
[
-0.112546049,
0.021052079,
0.993423473
],
[
0.835575159,
-0.53903606,
0.106086191
],
[
0.53772441,
0.842019558,
0.043075785
]
],
"t": [
228.43751,
10.75578,
75.22567
]
},
{
"id": "H025",
"type": "hex",
"R": [
[
-0.922379781,
0.337567939,
0.187785586
],
[
0.005465534,
-0.474679628,
0.880141681
],
[
0.386245606,
0.812851239,
0.435989902
]
],
"t": [
35.56723,
161.98826,
300.11979
]
},
{
"id": "H026",
"type": "hex",
"R": [
[
-0.002840568,
-0.004791424,
0.999984487
],
[
0.791206049,
-0.61154928,
-0.000682728
],
[
0.611543064,
0.791191835,
0.005528151
]
],
"t": [
234.64348,
13.88286,
-25.57279
]
},
{
"id": "H027",
"type": "hex",
"R": [
[
0.56203062,
0.582454653,
0.587254765
],
[
-0.638032431,
-0.146512564,
0.75594225
],
[
0.526342282,
-0.799550277,
0.289280411
]
],
"t": [
160.4428,
254.14685,
-163.50389
]
},
{
"id": "H028",
"type": "hex",
"R": [
[
-0.260955578,
0.82544938,
-0.50053522
],
[
-0.223964829,
0.452584913,
0.863137678
],
[
0.939011151,
0.337342877,
0.066767072
]
],
"t": [
-129.40498,
221.66068,
10.55611
]
},
{
"id": "H029",
"type": "hex",
"R": [
[
-0.803302726,
0.236777574,
-0.546480659
],
[
-0.541489235,
0.091690013,
0.835692736
],
[
0.247980118,
0.967227647,
0.05455767
]
],
"t": [
-155.35476,
201.79965,
98.78987
]
},
{
"id": "H030",
"type": "hex",
"R": [
[
-0.6191704,
-0.626503307,
-0.473414853
],
[
-0.260698066,
-0.40468378,
0.876508732
],
[
-0.740718931,
0.666126599,
0.087240017
]
],
"t": [
-106.65601,
246.23573,
-85.5621
]
},
{
"id": "H031",
"type": "hex",
"R": [
[
-0.431133396,
-0.49286117,
0.755785593
],
[
0.739589173,
0.286776673,
0.608906392
],
[
-0.516847995,
0.821490722,
0.240875784
]
],
"t": [
174.34334,
73.47148,
311.83977
]
},
{
"id": "H032",
"type": "hex",
"R": [
[
0.056281831,
-0.268772842,
0.961557858
],
[
0.108078794,
0.959065119,
0.261750016
],
[
-0.992547898,
0.089192244,
0.083026585
]
],
"t": [
225.69084,
4.72426,
266.74225
]
},
{
"id": "H033",
"type": "hex",
"R": [
[
-0.867084908,
0.351638969,
0.352865127
],
[
0.113996611,
-0.549481441,
0.827692527
],
[
0.484941785,
0.757905127,
0.436361414
]
],
"t": [
93.68399,
117.18415,
353.16703
]
},
{
"id": "H034",
"type": "hex",
"R": [
[
-0.140655672,
0.036692087,
0.989378427
],
[
-0.823008273,
0.551150312,
-0.137443504
],
[
-0.550339318,
-0.833598839,
-0.047324526
]
],
"t": [
231.70623,
17.55655,
-122.3118
]
},
{
"id": "H035",
"type": "hex",
"R": [
[
-0.056089819,
-0.115070355,
0.991772527
],
[
0.903584531,
0.416706791,
0.099450719
],
[
-0.424722177,
0.901728487,
0.080602785
]
],
"t": [
233.26652,
103.78215,
-163.91624
]
},
{
"id": "H036",
"type": "hex",
"R": [
[
0.431743431,
-0.081039475,
0.898348604
],
[
-0.721080928,
0.567323105,
0.397727028
],
[
-0.541885509,
-0.819498077,
0.186502004
]
],
"t": [
223.24205,
188.86906,
-206.44921
]
},
{
"id": "H037",
"type": "hex",
"R": [
[
0.166486506,
-0.976355692,
-0.137883302
],
[
0.609250979,
-0.008091918,
0.792936167
],
[
-0.775303481,
-0.216018709,
0.593498467
]
],
"t": [
-54.30279,
152.32128,
330.37072
]
},
{
"id": "H038",
"type": "hex",
"R": [
[
0.235322174,
-0.910001264,
-0.34135198
],
[
0.526568156,
-0.175831199,
0.831750784
],
[
-0.816914592,
-0.375474486,
0.437800708
]
],
"t": [
-116.75585,
182.65703,
261.81039
]
},
{
"id": "H039",
"type": "hex",
"R": [
[
0.249166433,
-0.741465673,
-0.623012635
],
[
0.430881249,
-0.491250288,
0.756977215
],
[
-0.867327757,
-0.457057775,
0.197080573
]
],
"t": [
-182.97238,
173.7472,
187.60753
]
},
{
"id": "H040",
"type": "hex",
"R": [
[
0.687189233,
0.701377272,
-0.189316879
],
[
-0.009378863,
0.269138697,
0.963055761
],
[
0.72641792,
-0.660025973,
0.191527336
]
],
"t": [
8.02837,
305.42906,
-196.23876
]
},
{
"id": "H041",
"type": "hex",
"R": [
[
-0.673130469,
-0.696114189,
0.249640556
],
[
0.35066018,
-0.00323564,
0.93649718
],
[
-0.651101229,
0.717923789,
0.246277534
]
],
"t": [
99.08583,
303.97465,
-227.5191
]
},
{
"id": "H042",
"type": "hex",
"R": [
[
-0.295750093,
0.827579967,
-0.477119777
],
[
-0.251269123,
0.414480279,
0.874682757
],
[
0.921626665,
0.378572975,
0.085362712
]
],
"t": [
-80.00901,
271.12999,
-184.62004
]
},
{
"id": "H043",
"type": "hex",
"R": [
[
-0.082803172,
-0.070882342,
0.994041915
],
[
-0.878763103,
-0.465252067,
-0.106376328
],
[
0.470020258,
-0.882335655,
-0.02376444
]
],
"t": [
230.04553,
-73.08629,
119.84039
]
},
{
"id": "H044",
"type": "hex",
"R": [
[
0.048506732,
-0.039154439,
0.998055122
],
[
0.870668788,
-0.488014789,
-0.061460776
],
[
0.489472122,
0.871956705,
0.010418546
]
],
"t": [
226.27869,
-76.43272,
220.11161
]
},
{
"id": "H045",
"type": "hex",
"R": [
[
0.20493697,
-0.058744663,
0.977010697
],
[
0.770833183,
-0.605454524,
-0.19809347
],
[
0.603172481,
0.793708941,
-0.07879768
]
],
"t": [
225.99547,
-69.20094,
21.73604
]
},
{
"id": "H046",
"type": "hex",
"R": [
[
0.146609046,
-0.986763271,
-0.069311137
],
[
0.628988242,
0.038914511,
0.776440244
],
[
-0.763465506,
-0.157429053,
0.626367715
]
],
"t": [
4.52007,
118.2122,
391.19364
]
},
{
"id": "H047",
"type": "hex",
"R": [
[
0.217737962,
0.28430045,
0.933682727
],
[
0.850754236,
0.41355859,
-0.324324718
],
[
-0.478338175,
0.864952338,
-0.151822408
]
],
"t": [
214.18601,
-64.63255,
-77.07786
]
},
{
"id": "H048",
"type": "hex",
"R": [
[
0.50777865,
0.520433183,
0.686520317
],
[
-0.624945994,
-0.325979009,
0.709351951
],
[
0.592961506,
-0.789231898,
0.159717452
]
],
"t": [
177.91012,
257.65305,
-259.21714
]
},
{
"id": "H049",
"type": "hex",
"R": [
[
-0.401590601,
-0.549164948,
-0.732900299
],
[
-0.437404952,
-0.588078298,
0.680324058
],
[
-0.804612887,
0.593785967,
-0.004040751
]
],
"t": [
-176.51522,
184.74537,
-65.20351
]
},
{
"id": "H050",
"type": "hex",
"R": [
[
0.360259085,
0.527858368,
-0.769141687
],
[
0.45842183,
0.617902758,
0.638784477
],
[
0.812442501,
-0.582719251,
-0.019376717
]
],
"t": [
-197.64978,
151.47751,
27.71926
]
},
{
"id": "H051",
"type": "hex",
"R": [
[
-0.19546668,
0.52092252,
-0.830922683
],
[
-0.307088817,
0.772146809,
0.556314447
],
[
0.931391022,
0.363908001,
0.009040507
]
],
"t": [
-228.19048,
125.80678,
112.06988
]
},
{
"id": "H052",
"type": "hex",
"R": [
[
0.685321262,
-0.108785169,
-0.720069826
],
[
0.707207951,
-0.136504786,
0.693702643
],
[
-0.173757537,
-0.984648277,
-0.016615896
]
],
"t": [
-152.78358,
211.94222,
-164.01473
]
},
{
"id": "H053",
"type": "hex",
"R": [
[
0.449907761,
0.117390625,
0.885326181
],
[
-0.819042462,
0.449425656,
0.356631497
],
[
-0.356023105,
-0.885571014,
0.298347998
]
],
"t": [
208.50701,
6.2661,
372.01782
]
},
{
"id": "H054",
"type": "hex",
"R": [
[
0.018452113,
0.148600994,
0.98872507
],
[
-0.868335354,
0.492594628,
-0.057829452
],
[
-0.495634172,
-0.857477858,
0.138124908
]
],
"t": [
230.03648,
-74.84793,
321.47057
]
},
{
"id": "H055",
"type": "hex",
"R": [
[
-0.727136767,
-0.675481927,
0.122459335
],
[
0.537130739,
-0.448719529,
0.714241803
],
[
-0.427507534,
0.585128149,
0.689102574
]
],
"t": [
73.83529,
65.9311,
438.42936
]
},
{
"id": "H056",
"type": "hex",
"R": [
[
-0.313349803,
0.06822379,
0.947183939
],
[
-0.78955099,
0.535487045,
-0.299771345
],
[
-0.527656267,
-0.841783309,
-0.113928599
]
],
"t": [
221.6489,
21.54138,
-215.49313
]
},
{
"id": "H057",
"type": "hex",
"R": [
[
0.31490216,
0.406956227,
0.857451607
],
[
0.816289795,
0.344813586,
-0.463437764
],
[
-0.484259848,
0.84586655,
-0.223611672
]
],
"t": [
193.63638,
-56.96775,
-169.6512
]
},
{
"id": "H058",
"type": "hex",
"R": [
[
0.005539823,
-0.066491208,
0.997771632
],
[
-0.061162897,
-0.995941356,
-0.066029651
],
[
0.998112424,
-0.060660811,
-0.009584134
]
],
"t": [
233.5994,
107.53502,
-257.44794
]
},
{
"id": "H059",
"type": "hex",
"R": [
[
-0.081829141,
-0.308191021,
0.947798653
],
[
0.144350605,
0.937295421,
0.317238391
],
[
-0.986137361,
0.162774654,
-0.032210519
]
],
"t": [
236.05136,
197.27081,
-300.58788
]
},
{
"id": "H060",
"type": "hex",
"R": [
[
-0.84555478,
0.194154472,
-0.497334048
],
[
-0.493149139,
-0.640932385,
0.588225811
],
[
-0.204550826,
0.742637004,
0.637690552
]
],
"t": [
-146.67244,
117.20701,
332.94169
]
},
{
"id": "H061",
"type": "hex",
"R": [
[
-0.690094398,
-0.62061151,
-0.372305084
],
[
0.385584652,
-0.750628349,
0.536545951
],
[
-0.612449344,
0.226712228,
0.757302692
]
],
"t": [
-84.64599,
78.9521,
393.16264
]
},
{
"id": "H062",
"type": "hex",
"R": [
[
-0.416364368,
-0.257130101,
-0.872080744
],
[
-0.45653053,
-0.770364786,
0.445104451
],
[
-0.786270048,
0.583457118,
0.203364706
]
],
"t": [
-245.17376,
91.9447,
199.55009
]
},
{
"id": "H063",
"type": "hex",
"R": [
[
0.947975969,
-0.28384831,
-0.144123902
],
[
0.154418396,
0.014106935,
0.98790483
],
[
-0.27838197,
-0.95876542,
0.057204436
]
],
"t": [
35.64617,
337.11458,
-284.81583
]
},
{
"id": "H064",
"type": "hex",
"R": [
[
0.249112978,
-0.837800829,
-0.485831755
],
[
0.155842019,
-0.460431818,
0.873908351
],
[
-0.95585354,
-0.293414914,
0.015865031
]
],
"t": [
-45.34773,
290.34517,
-274.02157
]
},
{
"id": "H065",
"type": "hex",
"R": [
[
-0.312909206,
0.866360548,
0.389239297
],
[
0.139980416,
-0.363277419,
0.921105314
],
[
0.939411152,
0.342708211,
-0.007600661
]
],
"t": [
122.54384,
312.46766,
-323.83749
]
},
{
"id": "H066",
"type": "hex",
"R": [
[
0.461688644,
0.05817649,
-0.885132245
],
[
0.861534082,
-0.266983595,
0.431831894
],
[
-0.211193325,
-0.961943479,
-0.173384323
]
],
"t": [
-176.60308,
165.76654,
-242.05966
]
},
{
"id": "H067",
"type": "hex",
"R": [
[
0.276150461,
-0.101353888,
0.955755362
],
[
0.848866585,
-0.440641083,
-0.291994789
],
[
0.450739885,
0.891943286,
-0.03564731
]
],
"t": [
214.34436,
-157.04907,
168.17169
]
},
{
"id": "H068",
"type": "hex",
"R": [
[
0.363906073,
-0.06656043,
0.9290544
],
[
0.783384787,
-0.517701712,
-0.343937804
],
[
0.503865702,
0.852968139,
-0.136252369
]
],
"t": [
207.20348,
-152.3392,
69.42727
]
},
{
"id": "H069",
"type": "hex",
"R": [
[
-0.094882002,
-0.328321531,
0.939788475
],
[
-0.039219662,
-0.94208172,
-0.333082349
],
[
0.99471565,
-0.068461707,
0.07650994
]
],
"t": [
221.26643,
-156.84355,
266.69202
]
},
{
"id": "H070",
"type": "hex",
"R": [
[
0.300313362,
0.417386928,
0.857671287
],
[
0.816377851,
0.352549575,
-0.457423219
],
[
-0.49329412,
0.837554147,
-0.234870096
]
],
"t": [
188.30421,
-142.27414,
-30.55208
]
},
{
"id": "H071",
"type": "hex",
"R": [
[
0.882532792,
-0.325518712,
-0.339372124
],
[
0.456853902,
0.764540571,
0.454711146
],
[
0.111446771,
-0.556340977,
0.823446619
]
],
"t": [
-18.50394,
34.82311,
442.89795
]
},
{
"id": "H072",
"type": "hex",
"R": [
[
0.300106311,
-0.583138203,
0.754907967
],
[
-0.118620399,
-0.808057341,
-0.577037724
],
[
0.946501666,
0.083625179,
-0.311675194
]
],
"t": [
161.07031,
-134.58303,
-119.18816
]
},
{
"id": "H073",
"type": "hex",
"R": [
[
-0.438843033,
-0.013853388,
-0.898456942
],
[
-0.886583812,
0.169404057,
0.430431655
],
[
0.146239315,
0.985449313,
-0.08662398
]
],
"t": [
-233.97662,
110.9618,
-46.97869
]
},
{
"id": "H074",
"type": "hex",
"R": [
[
0.465652644,
0.018616419,
-0.884771747
],
[
0.867114234,
-0.209406275,
0.451953446
],
[
-0.176863001,
-0.977651492,
-0.113653148
]
],
"t": [
-209.89311,
138.92766,
-141.60929
]
},
{
"id": "H075",
"type": "hex",
"R": [
[
0.361953779,
-0.006543229,
-0.932173078
],
[
0.916216925,
-0.181859223,
0.357034689
],
[
-0.171860431,
-0.983302806,
-0.059829616
]
],
"t": [
-251.58354,
70.74004,
37.97252
]
},
{
"id": "H076",
"type": "hex",
"R": [
[
0.2236415,
-0.07411503,
-0.971849495
],
[
0.941000943,
-0.243398867,
0.235104692
],
[
-0.253971858,
-0.967090458,
0.015308226
]
],
"t": [
-269.61862,
34.56521,
124.09544
]
},
{
"id": "H077",
"type": "hex",
"R": [
[
-0.246774929,
0.64138402,
-0.726449361
],
[
-0.147820871,
0.715946927,
0.68232616
],
[
0.957732282,
0.275765366,
-0.081867808
]
],
"t": [
-125.83342,
239.92836,
-269.58796
]
},
{
"id": "H078",
"type": "hex",
"R": [
[
0.187637881,
-0.803069662,
0.56557152
],
[
0.78437771,
0.469089054,
0.405841186
],
[
-0.591222153,
0.367470514,
0.717928818
]
],
"t": [
154.02745,
10.18193,
460.69573
]
},
{
"id": "H079",
"type": "hex",
"R": [
[
0.345520131,
-0.421117246,
0.838615588
],
[
0.840698482,
0.535966669,
-0.077238538
],
[
-0.416943523,
0.731710322,
0.539219903
]
],
"t": [
201.99546,
-74.08144,
426.71266
]
},
{
"id": "H080",
"type": "hex",
"R": [
[
-0.245078387,
0.510336041,
0.824314084
],
[
-0.830270434,
0.328529883,
-0.450243403
],
[
-0.500587246,
-0.794748539,
0.343201353
]
],
"t": [
198.14019,
-154.07883,
371.07718
]
},
{
"id": "H081",
"type": "hex",
"R": [
[
0.807093456,
0.582009861,
-0.099321072
],
[
-0.550623391,
0.802678096,
0.229176253
],
[
0.213105688,
-0.130278149,
0.968304482
]
],
"t": [
51.37004,
-14.31719,
491.39364
]
},
{
"id": "H082",
"type": "hex",
"R": [
[
0.269496826,
-0.620387865,
0.736539447
],
[
-0.163944739,
-0.783229398,
-0.599728132
],
[
0.948943403,
0.040873061,
-0.312787164
]
],
"t": [
168.24645,
-45.9012,
-259.61048
]
},
{
"id": "H083",
"type": "hex",
"R": [
[
0.517674245,
-0.059011288,
0.8535403
],
[
0.675287754,
-0.584393878,
-0.449966937
],
[
0.525356855,
0.809321607,
-0.26267606
]
],
"t": [
208.92303,
26.057,
-309.2918
]
},
{
"id": "H084",
"type": "hex",
"R": [
[
0.784448732,
-0.0074472,
0.620148955
],
[
0.534924969,
-0.497874302,
-0.682624682
],
[
0.31383987,
0.867217227,
-0.386573172
]
],
"t": [
129.71417,
-121.24251,
-208.20026
]
},
{
"id": "H085",
"type": "hex",
"R": [
[
0.323206645,
0.156665733,
0.933270225
],
[
0.767616165,
-0.620167888,
-0.161731923
],
[
0.553446374,
0.768666143,
-0.320701531
]
],
"t": [
229.67394,
109.27524,
-351.98762
]
},
{
"id": "H086",
"type": "hex",
"R": [
[
0.443167102,
-0.246818371,
0.861790933
],
[
-0.807091725,
-0.528241663,
0.263749298
],
[
0.390135704,
-0.812429343,
-0.433304391
]
],
"t": [
207.81959,
198.00534,
-394.18727
]
},
{
"id": "H087",
"type": "hex",
"R": [
[
0.216759687,
-0.567218534,
-0.794530284
],
[
0.923101576,
-0.145730718,
0.355873626
],
[
-0.317645585,
-0.810571213,
0.492011779
]
],
"t": [
-225.80461,
53.53299,
294.4879
]
},
{
"id": "H088",
"type": "hex",
"R": [
[
0.052564077,
-0.778280654,
-0.625712587
],
[
0.944720649,
-0.164308616,
0.283735041
],
[
-0.323635462,
-0.606037872,
0.726621074
]
],
"t": [
-165.83159,
28.52958,
370.40602
]
},
{
"id": "H089",
"type": "hex",
"R": [
[
0.719119054,
0.475038968,
-0.507154576
],
[
-0.448982972,
0.874673277,
0.182649799
],
[
0.530360327,
0.096356818,
0.842278628
]
],
"t": [
-100.46025,
-12.10896,
423.92522
]
},
{
"id": "H090",
"type": "hex",
"R": [
[
-0.154354044,
-0.197346956,
-0.968105887
],
[
0.418487484,
-0.900670843,
0.116877106
],
[
-0.895010086,
-0.387099743,
0.221609418
]
],
"t": [
-260.91035,
-4.57168,
217.69268
]
},
{
"id": "H091",
"type": "hex",
"R": [
[
-0.143179132,
0.988943636,
-0.038603367
],
[
0.279544104,
0.077827766,
0.956973319
],
[
0.949397088,
0.126227266,
-0.287596674
]
],
"t": [
60.15467,
308.43114,
-398.21855
]
},
{
"id": "H092",
"type": "hex",
"R": [
[
0.681632466,
0.225198324,
-0.696177346
],
[
0.728159253,
-0.11535686,
0.67563074
],
[
0.071842078,
-0.967459823,
-0.242611224
]
],
"t": [
-85.30392,
259.73288,
-359.48996
]
},
{
"id": "H093",
"type": "hex",
"R": [
[
0.699717863,
-0.433215976,
0.568083471
],
[
-0.692002574,
-0.213359189,
0.689645049
],
[
-0.177559424,
-0.875672184,
-0.449077806
]
],
"t": [
148.09066,
277.21906,
-424.61707
]
},
{
"id": "H094",
"type": "hex",
"R": [
[
0.27533621,
0.295130639,
-0.914925067
],
[
0.930590649,
-0.32063279,
0.176622926
],
[
-0.241228139,
-0.900051399,
-0.36292763
]
],
"t": [
-178.85122,
102.91068,
-317.14548
]
},
{
"id": "H095",
"type": "hex",
"R": [
[
0.274002869,
0.194134901,
-0.941931031
],
[
0.948542085,
-0.216185212,
0.231369548
],
[
-0.158714655,
-0.956857144,
-0.243380492
]
],
"t": [
-207.34245,
80.93282,
-217.32536
]
},
{
"id": "H096",
"type": "hex",
"R": [
[
0.452115374,
-0.314623292,
0.834627985
],
[
0.757234928,
-0.35910697,
-0.545561589
],
[
0.47136711,
0.878666244,
0.075885964
]
],
"t": [
184.8814,
-231.7454,
220.69111
]
},
{
"id": "H097",
"type": "hex",
"R": [
[
0.513888168,
-0.15274568,
0.844149103
],
[
0.715900073,
-0.465812476,
-0.520101743
],
[
0.472658478,
0.871600536,
-0.130024877
]
],
"t": [
181.53264,
-230.10421,
116.56351
]
},
{
"id": "H098",
"type": "hex",
"R": [
[
0.363086045,
0.540944127,
0.758648783
],
[
0.750024534,
0.31341771,
-0.582436724
],
[
-0.552839689,
0.780479847,
-0.29192377
]
],
"t": [
154.31503,
-215.66565,
19.29061
]
},
{
"id": "H099",
"type": "hex",
"R": [
[
-0.28412877,
-0.654481584,
0.700660187
],
[
0.139000493,
-0.751175969,
-0.645301113
],
[
0.94865679,
-0.0859565,
0.304403967
]
],
"t": [
170.67355,
-227.66232,
316.78178
]
},
{
"id": "H100",
"type": "hex",
"R": [
[
0.327698307,
-0.696301223,
0.63857531
],
[
-0.205611877,
-0.712256605,
-0.671129112
],
[
0.922137504,
0.088629206,
-0.376573085
]
],
"t": [
126.17558,
-207.94374,
-69.46262
]
},
{
"id": "H101",
"type": "hex",
"R": [
[
0.791210581,
0.429002993,
-0.435823644
],
[
-0.479187996,
0.87769192,
-0.005979832
],
[
0.379953525,
0.213572764,
0.900012218
]
],
"t": [
-30.33962,
-60.55077,
466.75727
]
},
{
"id": "H102",
"type": "hex",
"R": [
[
0.861357461,
-0.052893796,
0.505238133
],
[
0.401468279,
-0.538520496,
-0.740823121
],
[
0.311266037,
0.840950606,
-0.442623465
]
],
"t": [
90.10731,
-188.82159,
-153.33082
]
},
{
"id": "H103",
"type": "hex",
"R": [
[
0.006814078,
0.308006871,
-0.95135973
],
[
0.621091162,
0.744319928,
0.245425372
],
[
0.783708707,
-0.592553467,
-0.186228491
]
],
"t": [
-239.11626,
51.82337,
-120.90246
]
},
{
"id": "H104",
"type": "hex",
"R": [
[
0.190118094,
-0.145753122,
-0.970881629
],
[
0.377725464,
-0.901935776,
0.209368882
],
[
-0.906189044,
-0.406531527,
-0.116419645
]
],
"t": [
-255.84551,
14.28647,
-36.06285
]
},
{
"id": "H105",
"type": "hex",
"R": [
[
0.104120787,
0.018961598,
-0.994383889
],
[
0.982035307,
-0.160161996,
0.099773702
],
[
-0.15737064,
-0.986908604,
-0.035297152
]
],
"t": [
-267.34508,
-23.92414,
53.26725
]
},
{
"id": "H106",
"type": "hex",
"R": [
[
0.015394416,
-0.07727808,
-0.996890721
],
[
0.62075988,
0.782336278,
-0.05105997
],
[
0.783849592,
-0.618043726,
0.060014742
]
],
"t": [
-268.26523,
-61.56185,
140.84507
]
},
{
"id": "H107",
"type": "hex",
"R": [
[
-0.395530333,
0.300614047,
-0.86786344
],
[
-0.120466165,
0.919775503,
0.37349823
],
[
0.910518346,
0.252278059,
-0.327585289
]
],
"t": [
-147.18347,
185.45137,
-347.59778
]
},
{
"id": "H108",
"type": "hex",
"R": [
[
-0.042025079,
0.875414819,
0.481542093
],
[
-0.840656809,
0.229479572,
-0.490545875
],
[
-0.539935202,
-0.425426868,
0.726279531
]
],
"t": [
140.64294,
-146.99801,
454.03769
]
},
{
"id": "H109",
"type": "hex",
"R": [
[
0.029537509,
-0.992839,
-0.115750833
],
[
0.961516809,
0.059867438,
-0.268144209
],
[
0.273153734,
-0.10337606,
0.956399722
]
],
"t": [
50.31344,
-113.78286,
478.72337
]
},
{
"id": "H110",
"type": "hex",
"R": [
[
0.895852615,
0.023219058,
0.443744259
],
[
0.391340371,
-0.51425377,
-0.763148592
],
[
0.210477566,
0.857323705,
-0.46978214
]
],
"t": [
94.67308,
-99.71929,
-292.90606
]
},
{
"id": "H111",
"type": "hex",
"R": [
[
-0.461948217,
-0.678917099,
0.570679786
],
[
-0.725005431,
-0.081558316,
-0.683897189
],
[
0.510853178,
-0.729671031,
-0.454542866
]
],
"t": [
139.27418,
-32.97109,
-348.74989
]
},
{
"id": "H112",
"type": "hex",
"R": [
[
0.190101206,
0.689854068,
0.698543411
],
[
0.856187936,
0.231684961,
-0.461805476
],
[
-0.480420389,
0.685874219,
-0.54660114
]
],
"t": [
167.12895,
46.92966,
-394.25298
]
},
{
"id": "H113",
"type": "hex",
"R": [
[
-0.942957119,
0.044045545,
0.32998767
],
[
-0.249626169,
0.562279386,
-0.788370895
],
[
-0.22026949,
-0.825773506,
-0.519210429
]
],
"t": [
48.82464,
-164.19624,
-234.78056
]
},
{
"id": "H114",
"type": "hex",
"R": [
[
-0.173787661,
-0.809116054,
0.561363573
],
[
-0.947406717,
0.292923838,
0.128903595
],
[
-0.268734741,
-0.509437765,
-0.817468533
]
],
"t": [
146.169,
191.7145,
-471.33351
]
},
{
"id": "H115",
"type": "hex",
"R": [
[
-0.385789208,
0.357219239,
-0.850623949
],
[
-0.710560674,
-0.703118058,
0.026991178
],
[
-0.588447292,
0.614832832,
0.525081302
]
],
"t": [
-239.06676,
-38.14152,
305.44003
]
},
{
"id": "H116",
"type": "hex",
"R": [
[
0.592619365,
-0.460218006,
-0.661061022
],
[
0.551241978,
0.830131318,
-0.083751283
],
[
0.587311306,
-0.314771953,
0.745643378
]
],
"t": [
-176.90365,
-66.59231,
378.40982
]
},
{
"id": "H117",
"type": "hex",
"R": [
[
0.607866398,
-0.588724553,
-0.532824401
],
[
0.568781419,
0.791066039,
-0.225171533
],
[
0.554063299,
-0.16618641,
0.815718051
]
],
"t": [
-102.8166,
-109.43328,
420.7654
]
},
{
"id": "H118",
"type": "hex",
"R": [
[
-0.300170817,
0.091145468,
-0.949520924
],
[
0.329763588,
-0.924134105,
-0.192956296
],
[
-0.89507176,
-0.371037276,
0.247341633
]
],
"t": [
-258.58639,
-99.64088,
227.2032
]
},
{
"id": "H119",
"type": "hex",
"R": [
[
-0.895350467,
-0.440554329,
0.065264264
],
[
-0.350976285,
0.788190103,
0.505541303
],
[
-0.274159056,
0.429730433,
-0.860330499
]
],
"t": [
69.73485,
254.33234,
-479.51087
]
},
{
"id": "H120",
"type": "hex",
"R": [
[
-0.801799136,
-0.361642499,
-0.47574452
],
[
-0.595314972,
0.413915033,
0.688675852
],
[
-0.052136647,
0.835397539,
-0.54716791
]
],
"t": [
-17.99046,
288.92917,
-441.60531
]
},
{
"id": "H121",
"type": "hex",
"R": [
[
0.207532269,
-0.677609776,
-0.705531962
],
[
-0.763158384,
-0.563354839,
0.316576382
],
[
-0.611980096,
0.472732818,
-0.63403789
]
],
"t": [
-86.0547,
205.74439,
-439.76602
]
},
{
"id": "H122",
"type": "hex",
"R": [
[
-0.589998481,
-0.158468528,
-0.791700396
],
[
-0.046805833,
0.985613985,
-0.162401621
],
[
0.806046529,
-0.058760513,
-0.588928006
]
],
"t": [
-153.87101,
39.02001,
-380.8922
]
},
{
"id": "H123",
"type": "hex",
"R": [
[
0.334271937,
-0.256239877,
-0.906974861
],
[
-0.72974765,
-0.679364794,
-0.077018463
],
[
-0.596431588,
0.687607884,
-0.414083033
]
],
"t": [
-194.78195,
15.44847,
-285.02288
]
},
{
"id": "H124",
"type": "hex",
"R": [
[
-0.053947642,
-0.342297087,
-0.938041767
],
[
-0.981069927,
0.193142966,
-0.0140568
],
[
0.18598777,
0.919526236,
-0.346236985
]
],
"t": [
-222.31285,
-9.99404,
-193.44747
]
},
{
"id": "H125",
"type": "hex",
"R": [
[
-0.210891651,
-0.866926279,
0.451623226
],
[
0.236240775,
-0.493520344,
-0.837035224
],
[
0.948533082,
-0.069831919,
0.308882656
]
],
"t": [
109.39098,
-284.4891,
265.96446
]
},
{
"id": "H126",
"type": "hex",
"R": [
[
-0.723484581,
0.376755181,
0.578468318
],
[
-0.510268099,
0.272536911,
-0.815689953
],
[
-0.464969384,
-0.885313033,
-0.004930103
]
],
"t": [
127.66012,
-291.69918,
169.45859
]
},
{
"id": "H127",
"type": "hex",
"R": [
[
0.575159158,
0.602856915,
0.552951609
],
[
0.575830649,
0.18175043,
-0.797110936
],
[
-0.581043033,
0.776872139,
-0.242608064
]
],
"t": [
120.55666,
-287.24433,
67.4
]
},
{
"id": "H128",
"type": "hex",
"R": [
[
0.30646255,
-0.83670824,
0.453872257
],
[
-0.255057378,
-0.531560396,
-0.807706184
],
[
0.917074937,
0.131768229,
-0.376311964
]
],
"t": [
82.24438,
-273.91923,
-15.20167
]
},
{
"id": "H129",
"type": "hex",
"R": [
[
-0.212022588,
-0.949264513,
0.232256982
],
[
0.479167017,
-0.308110917,
-0.821867771
],
[
0.851730821,
-0.062964646,
0.52018272
]
],
"t": [
80.61474,
-262.714,
356.54048
]
},
{
"id": "H130",
"type": "hex",
"R": [
[
-0.4336262,
0.827131201,
0.35752244
],
[
0.274662386,
0.499209455,
-0.821797113
],
[
-0.858212615,
-0.258154792,
-0.443652128
]
],
"t": [
41.67654,
-246.51683,
-94.22648
]
},
{
"id": "H131",
"type": "hex",
"R": [
[
-0.14058316,
-0.90750318,
-0.395821113
],
[
0.898296022,
0.051185225,
-0.436399279
],
[
0.416293926,
-0.416914921,
0.808010715
]
],
"t": [
-28.791,
-166.69704,
445.15494
]
},
{
"id": "H132",
"type": "hex",
"R": [
[
-0.5019511,
-0.837051013,
0.21769404
],
[
-0.564012409,
0.125973626,
-0.816100881
],
[
0.655694361,
-0.532424875,
-0.535339758
]
],
"t": [
-2.21925,
-216.03858,
-171.77411
]
},
{
"id": "H133",
"type": "hex",
"R": [
[
-0.070381831,
-0.249432847,
-0.965831068
],
[
-0.982648153,
0.183905407,
0.024112422
],
[
0.171607126,
0.950769192,
-0.258048326
]
],
"t": [
-254.13812,
-42.29041,
-110.92044
]
},
{
"id": "H134",
"type": "hex",
"R": [
[
0.091433404,
0.072932854,
-0.993136814
],
[
0.339655973,
-0.939792075,
-0.037744867
],
[
-0.936094948,
-0.333873709,
-0.110700469
]
],
"t": [
-270.9173,
-81.64849,
-22.09128
]
},
{
"id": "H135",
"type": "hex",
"R": [
[
-0.089733844,
0.172281758,
-0.980952003
],
[
0.366153697,
-0.910244029,
-0.193357901
],
[
-0.926217743,
-0.37652995,
0.018598093
]
],
"t": [
-269.38622,
-118.48373,
65.39495
]
},
{
"id": "H136",
"type": "hex",
"R": [
[
-0.259655456,
0.293916012,
-0.919887179
],
[
0.377537198,
-0.845852458,
-0.376827923
],
[
-0.888844592,
-0.445137054,
0.108665979
]
],
"t": [
-251.01951,
-157.18306,
149.3911
]
},
{
"id": "H137",
"type": "hex",
"R": [
[
0.34457102,
-0.518894025,
-0.782316945
],
[
-0.782358248,
-0.619302562,
0.066180875
],
[
-0.518831749,
0.589248103,
-0.619354736
]
],
"t": [
-124.00276,
122.13003,
-415.00671
]
},
{
"id": "H138",
"type": "hex",
"R": [
[
-0.715831426,
0.696581876,
0.048570147
],
[
-0.527222964,
-0.493563551,
-0.691687044
],
[
-0.457844204,
-0.52073862,
0.720562263
]
],
"t": [
60.86795,
-205.95813,
440.86495
]
},
{
"id": "H139",
"type": "hex",
"R": [
[
-0.99694446,
0.012715745,
0.077071743
],
[
-0.05432543,
0.596108399,
-0.801063995
],
[
-0.056129239,
-0.802803267,
-0.593596178
]
],
"t": [
0.7993,
-126.58241,
-305.73508
]
},
{
"id": "H140",
"type": "hex",
"R": [
[
-0.553564944,
0.804112098,
0.216724678
],
[
0.389920813,
0.480198592,
-0.785729643
],
[
-0.735885597,
-0.350446923,
-0.57936115
]
],
"t": [
52.33832,
-70.71847,
-373.14536
]
},
{
"id": "H141",
"type": "hex",
"R": [
[
0.92898879,
0.086830933,
0.359778011
],
[
0.310366723,
-0.71233613,
-0.629483706
],
[
0.201624218,
0.696446428,
-0.688701711
]
],
"t": [
95.72815,
-1.25116,
-435.05018
]
},
{
"id": "H142",
"type": "hex",
"R": [
[
0.627820097,
-0.61387257,
0.478541945
],
[
-0.544192446,
-0.785754514,
-0.294014328
],
[
0.556503825,
-0.075830808,
-0.827377291
]
],
"t": [
123.66287,
84.58149,
-473.2449
]
},
{
"id": "H143",
"type": "hex",
"R": [
[
0.560813364,
0.826703634,
-0.045271097
],
[
0.504317226,
-0.384457002,
-0.773212099
],
[
-0.656622042,
0.410796684,
-0.632529508
]
],
"t": [
-49.54529,
-177.63188,
-243.62053
]
},
{
"id": "H144",
"type": "hex",
"R": [
[
-0.954692411,
-0.293298868,
0.050380299
],
[
-0.292729227,
0.956016355,
0.018502136
],
[
-0.053591045,
0.002916063,
-0.99855871
]
],
"t": [
57.99903,
151.61097,
-507.97544
]
},
{
"id": "H145",
"type": "hex",
"R": [
[
0.367111017,
0.510522643,
-0.777557799
],
[
-0.930136021,
0.193618646,
-0.312023721
],
[
-0.008745486,
0.837781863,
0.545935038
]
],
"t": [
-218.89165,
-133.92556,
308.16357
]
},
{
"id": "H146",
"type": "hex",
"R": [
[
0.794474758,
0.388405949,
-0.466851879
],
[
-0.604417195,
0.580486103,
-0.545633337
],
[
0.059073794,
0.715665217,
0.695940791
]
],
"t": [
-87.87265,
-197.78909,
378.16138
]
},
{
"id": "H147",
"type": "hex",
"R": [
[
0.491363783,
-0.353791156,
-0.795860195
],
[
-0.299903215,
0.789168627,
-0.535976622
],
[
0.817691686,
0.502040532,
0.281665777
]
],
"t": [
-218.48447,
-196.05147,
231.14068
]
},
{
"id": "H148",
"type": "hex",
"R": [
[
-0.351701051,
-0.826278832,
-0.439965524
],
[
-0.919954405,
0.392024457,
-0.000846837
],
[
0.173176969,
0.404450388,
-0.898014265
]
],
"t": [
-31.52476,
131.0329,
-469.27216
]
},
{
"id": "H149",
"type": "hex",
"R": [
[
-0.504056317,
-0.568061244,
-0.650564103
],
[
-0.319311312,
0.822455498,
-0.470751781
],
[
0.802475865,
-0.029552932,
-0.595952271
]
],
"t": [
-133.9099,
-38.14072,
-339.09714
]
},
{
"id": "H150",
"type": "hex",
"R": [
[
-0.642920059,
0.111410463,
-0.757787243
],
[
0.566290368,
0.735305374,
-0.372345573
],
[
0.51572184,
-0.668516055,
-0.535833247
]
],
"t": [
-174.22678,
-69.97452,
-256.04046
]
},
{
"id": "H151",
"type": "hex",
"R": [
[
-0.524497502,
0.1762399,
-0.832971709
],
[
0.671187096,
0.68752458,
-0.277160304
],
[
0.52384182,
-0.70444975,
-0.478894871
]
],
"t": [
-219.9556,
-103.67614,
-186.09596
]
},
{
"id": "H152",
"type": "hex",
"R": [
[
-0.669602078,
0.7412082,
-0.047365199
],
[
-0.305678105,
-0.333145384,
-0.891950138
],
[
-0.676900253,
-0.582773162,
0.44964596
]
],
"t": [
9.49161,
-304.77127,
303.5353
]
},
{
"id": "H153",
"type": "hex",
"R": [
[
0.98202433,
0.132848202,
0.134087924
],
[
0.108033228,
0.186935487,
-0.976413819
],
[
-0.154780611,
0.973348077,
0.169223176
]
],
"t": [
41.41641,
-327.96391,
214.93534
]
},
{
"id": "H154",
"type": "hex",
"R": [
[
-0.596584236,
-0.77859348,
0.194626417
],
[
-0.313714196,
0.00302687,
-0.949512634
],
[
0.738695237,
-0.627521339,
-0.24606161
]
],
"t": [
30.12412,
-314.57385,
55.8965
]
},
{
"id": "H155",
"type": "hex",
"R": [
[
-0.991050499,
-0.009958351,
0.133115509
],
[
-0.128383839,
0.34421328,
-0.930072475
],
[
-0.036558138,
-0.938838671,
-0.342411234
]
],
"t": [
-14.56393,
-293.2848,
-23.93209
]
},
{
"id": "H156",
"type": "hex",
"R": [
[
-0.655183298,
0.72658076,
-0.206918449
],
[
-0.367980039,
-0.546133958,
-0.752547933
],
[
-0.659792041,
-0.416914977,
0.625185064
]
],
"t": [
-13.05371,
-252.32497,
382.48236
]
},
{
"id": "H157",
"type": "hex",
"R": [
[
0.998025055,
-0.025333127,
0.057482364
],
[
0.040043503,
-0.448478502,
-0.892896159
],
[
0.048399456,
0.893434533,
-0.446578355
]
],
"t": [
-52.14986,
-267.78234,
-105.87024
]
},
{
"id": "H158",
"type": "hex",
"R": [
[
0.557331745,
0.811884773,
-0.173851781
],
[
0.431320929,
-0.462023197,
-0.7749173
],
[
-0.709467112,
0.3569001,
-0.607683089
]
],
"t": [
-99.73175,
-221.74609,
-175.4788
]
},
{
"id": "H159",
"type": "hex",
"R": [
[
0.174066944,
0.376969487,
-0.909722323
],
[
0.428162582,
-0.860902806,
-0.274814776
],
[
-0.886779286,
-0.34167289,
-0.31125895
]
],
"t": [
-242.09108,
-135.99368,
-99.26676
]
},
{
"id": "H160",
"type": "hex",
"R": [
[
-0.357195675,
0.187291039,
-0.915059188
],
[
0.904131942,
-0.176556476,
-0.389067144
],
[
-0.234428415,
-0.966307341,
-0.106270601
]
],
"t": [
-260.49256,
-175.80405,
-7.28328
]
},
{
"id": "H161",
"type": "hex",
"R": [
[
0.560278904,
0.054615061,
-0.826501509
],
[
-0.827808059,
0.002395509,
-0.561006309
],
[
-0.028659502,
0.99850461,
0.046552941
]
],
"t": [
-228.53076,
-211.74595,
73.08281
]
},
{
"id": "H162",
"type": "hex",
"R": [
[
0.431808505,
-0.570797264,
-0.698378049
],
[
-0.261759014,
0.661658012,
-0.702631407
],
[
0.863147516,
0.486208966,
0.136298228
]
],
"t": [
-192.16641,
-247.40582,
152.56186
]
},
{
"id": "H163",
"type": "hex",
"R": [
[
0.845072826,
0.150622814,
-0.512995796
],
[
-0.003152991,
-0.958075498,
-0.286498516
],
[
-0.534641915,
0.243729581,
-0.809168656
]
],
"t": [
-68.08087,
50.11054,
-461.50289
]
},
{
"id": "H164",
"type": "hex",
"R": [
[
0.421409803,
-0.824430795,
-0.377793122
],
[
-0.743753367,
-0.075831523,
-0.664138923
],
[
0.518887952,
0.560859559,
-0.645129326
]
],
"t": [
-95.71461,
-114.23013,
-296.66713
]
},
{
"id": "H165",
"type": "hex",
"R": [
[
0.96261827,
-0.130226808,
-0.237501674
],
[
-0.26421718,
-0.644485616,
-0.717514858
],
[
-0.059626743,
0.753444934,
-0.654801789
]
],
"t": [
-47.23488,
-74.91719,
-369.24447
]
},
{
"id": "H166",
"type": "hex",
"R": [
[
0.3738343,
0.920557906,
-0.113230111
],
[
0.667739294,
-0.351853695,
-0.655990253
],
[
-0.643717447,
0.169623463,
-0.746227666
]
],
"t": [
-0.64692,
-20.47489,
-437.46794
]
},
{
"id": "H167",
"type": "hex",
"R": [
[
-0.575805695,
0.817480283,
-0.0131829
],
[
0.766326145,
0.534014568,
-0.357173182
],
[
-0.284942173,
-0.215764753,
-0.933945143
]
],
"t": [
27.76544,
57.94408,
-487.28145
]
},
{
"id": "H168",
"type": "hex",
"R": [
[
0.864791989,
-0.085154939,
-0.494857002
],
[
-0.403018565,
-0.705563985,
-0.582885494
],
[
-0.2995177,
0.703511265,
-0.644485103
]
],
"t": [
-141.46125,
-151.77868,
-225.03607
]
},
{
"id": "H169",
"type": "hex",
"R": [
[
-0.027695921,
0.797665769,
-0.60246349
],
[
-0.657913997,
-0.468298064,
-0.589784787
],
[
-0.752583622,
0.38003453,
0.537765421
]
],
"t": [
-156.47991,
-212.7896,
308.386
]
},
{
"id": "H170",
"type": "hex",
"R": [
[
-0.228717531,
-0.905035594,
-0.358606838
],
[
0.591974762,
0.163135951,
-0.789273427
],
[
0.772822212,
-0.392806867,
0.498446179
]
],
"t": [
-79.56499,
-271.79055,
314.0209
]
},
{
"id": "H171",
"type": "hex",
"R": [
[
-0.827582882,
-0.139221664,
-0.543805022
],
[
0.560512129,
-0.257655385,
-0.787045015
],
[
-0.030540576,
