{
"description": "HIV-1 CA pseudo-atomic capsid -- per-capsomer instance transforms",
"frame": "Angstrom; world = R @ canonical_template + t",
"hexamer_template": "RCSB 3H47 (canonical: centroid origin, axis +z, NTD out)",
"pentamer_template": "RCSB 3P05 (canonical)",
"spacing_A": 95.5,
"azimuth_deg": 30.0,
"cage": "cage_5_best.json",
"mesh_surface_obj": "cage_5_process_surface.obj",
"n_capsomers": 244,
"capsomers": [
{
"id": "P001",
"type": "pent",
"R": [
[
0.687150941,
-0.028897261,
0.725939758
],
[
-0.705184257,
0.213817173,
0.676015814
],
[
-0.174753393,
-0.976446191,
0.126546778
]
],
"t": [
141.11109,
102.11421,
532.59842
]
},
{
"id": "P002",
"type": "pent",
"R": [
[
-0.62281633,
0.459196603,
0.633433737
],
[
-0.70959508,
0.009442726,
-0.70454642
],
[
-0.329506664,
-0.888284479,
0.319962566
]
],
"t": [
98.63911,
-107.42388,
777.38095
]
},
{
"id": "P003",
"type": "pent",
"R": [
[
0.882644048,
0.462889619,
0.081686504
],
[
-0.157515686,
0.455019009,
-0.876439679
],
[
-0.442863741,
0.76071736,
0.474532196
]
],
"t": [
22.17851,
-114.09383,
810.8556
]
},
{
"id": "P004",
"type": "pent",
"R": [
[
0.157291924,
-0.765010305,
-0.624514599
],
[
0.969960764,
0.238505868,
-0.047865097
],
[
0.185567689,
-0.598225864,
0.779545027
]
],
"t": [
-38.37462,
-52.62329,
825.06985
]
},
{
"id": "P005",
"type": "pent",
"R": [
[
0.682562737,
0.652421199,
-0.329324596
],
[
-0.384628002,
0.703851067,
0.597205974
],
[
0.621425306,
-0.280963083,
0.731361973
]
],
"t": [
3.84093,
24.69,
811.75039
]
},
{
"id": "P006",
"type": "pent",
"R": [
[
0.20600769,
0.028486228,
0.978135658
],
[
0.901542881,
-0.394202133,
-0.178395944
],
[
0.380501335,
0.918582176,
-0.106890227
]
],
"t": [
287.77294,
-64.87823,
-322.55458
]
},
{
"id": "P007",
"type": "pent",
"R": [
[
-0.236456547,
-0.944886435,
-0.2264463
],
[
-0.187744346,
0.273094183,
-0.943489071
],
[
0.953331192,
-0.180580155,
-0.241971993
]
],
"t": [
-100.31081,
-275.64892,
-381.41888
]
},
{
"id": "P008",
"type": "pent",
"R": [
[
-0.047649421,
-0.156340874,
-0.986553123
],
[
-0.660771649,
0.745615657,
-0.086244537
],
[
0.749073001,
0.647776831,
-0.138833772
]
],
"t": [
-317.4791,
-42.90614,
-393.52362
]
},
{
"id": "P009",
"type": "pent",
"R": [
[
-0.406148841,
0.723734048,
0.557899764
],
[
0.883985838,
0.156476143,
0.440549946
],
[
0.231542992,
0.672104341,
-0.703323253
]
],
"t": [
152.1392,
173.61247,
-539.3987
]
},
{
"id": "P010",
"type": "pent",
"R": [
[
-0.64024358,
-0.582694002,
0.50055555
],
[
-0.154583661,
0.736019889,
0.659074058
],
[
-0.752457341,
0.344590225,
-0.561306981
]
],
"t": [
115.46156,
237.53854,
-494.88614
]
},
{
"id": "P011",
"type": "pent",
"R": [
[
-0.284492698,
-0.850965167,
-0.441499932
],
[
-0.350638291,
-0.336258171,
0.874061343
],
[
-0.892253716,
0.403470851,
-0.202717978
]
],
"t": [
-91.3063,
294.88036,
-393.93188
]
},
{
"id": "P012",
"type": "pent",
"R": [
[
0.438199469,
0.70120804,
-0.562395333
],
[
0.578488225,
-0.698871216,
-0.42063095
],
[
-0.687991714,
-0.141018819,
-0.71188559
]
],
"t": [
-243.19141,
-132.09406,
-503.10724
]
},
{
"id": "H001",
"type": "hex",
"R": [
[
-0.467346029,
-0.202237291,
0.860632191
],
[
-0.600624657,
-0.641695683,
-0.476945145
],
[
0.648720056,
-0.739815334,
0.178425226
]
],
"t": [
154.5356,
-97.80196,
509.52535
]
},
{
"id": "H002",
"type": "hex",
"R": [
[
0.088524654,
0.609889824,
0.787526373
],
[
-0.137446466,
0.790546514,
-0.596778584
],
[
-0.986545414,
-0.055413099,
0.153810057
]
],
"t": [
179.50203,
-120.31178,
402.70448
]
},
{
"id": "H003",
"type": "hex",
"R": [
[
-0.033942791,
0.186097173,
0.981944871
],
[
-0.945594954,
0.312115291,
-0.091838053
],
[
-0.323570811,
-0.931639355,
0.165378483
]
],
"t": [
201.36402,
-46.85516,
458.04177
]
},
{
"id": "H004",
"type": "hex",
"R": [
[
0.185382881,
0.821825652,
0.538735356
],
[
-0.06886226,
0.55775524,
-0.82714393
],
[
-0.980250568,
0.116239791,
0.159991045
]
],
"t": [
105.23427,
-141.41273,
446.18384
]
},
{
"id": "H005",
"type": "hex",
"R": [
[
0.124239409,
-0.21793468,
0.968023267
],
[
0.871307492,
-0.44281273,
-0.211518654
],
[
0.474750276,
0.869724877,
0.134873327
]
],
"t": [
197.30341,
-55.05503,
349.1054
]
},
{
"id": "H006",
"type": "hex",
"R": [
[
-0.293166505,
0.26123984,
0.91967774
],
[
0.343317297,
-0.869017458,
0.356289056
],
[
0.892292908,
0.420193293,
0.165078655
]
],
"t": [
196.08751,
44.0344,
497.86279
]
},
{
"id": "H007",
"type": "hex",
"R": [
[
-0.774892719,
-0.396503534,
0.492266414
],
[
-0.360485891,
-0.362508114,
-0.859440393
],
[
0.519221722,
-0.8434292,
0.137970969
]
],
"t": [
115.91327,
-175.43751,
341.84606
]
},
{
"id": "H008",
"type": "hex",
"R": [
[
-0.040191351,
-0.978700589,
0.201320173
],
[
0.168648195,
-0.205236849,
-0.964072416
],
[
0.984856559,
-0.00479509,
0.173304834
]
],
"t": [
46.54271,
-178.8549,
494.625
]
},
{
"id": "H009",
"type": "hex",
"R": [
[
-0.577760008,
-0.271069143,
0.769879791
],
[
-0.601759535,
-0.495793204,
-0.626158575
],
[
0.551433437,
-0.825051888,
0.123331044
]
],
"t": [
183.47185,
-129.23597,
290.21546
]
},
{
"id": "H010",
"type": "hex",
"R": [
[
0.21138175,
-0.221949326,
0.951869872
],
[
-0.178511099,
0.948728848,
0.260858889
],
[
-0.960963862,
-0.225060145,
0.160923546
]
],
"t": [
172.86475,
19.62362,
397.66047
]
},
{
"id": "H011",
"type": "hex",
"R": [
[
-0.204658229,
0.116024864,
0.971932734
],
[
0.157517816,
-0.976104856,
0.149691172
],
[
0.96607616,
0.183732251,
0.181491908
]
],
"t": [
156.22995,
-9.80706,
559.93097
]
},
{
"id": "H012",
"type": "hex",
"R": [
[
0.745563478,
-0.643052609,
0.17498126
],
[
0.233017758,
0.005548286,
-0.972456653
],
[
0.624369942,
0.765801905,
0.153979276
]
],
"t": [
41.10667,
-175.48492,
383.38627
]
},
{
"id": "H013",
"type": "hex",
"R": [
[
-0.084046358,
0.963093928,
-0.255707441
],
[
-0.17839469,
-0.267012299,
-0.947037363
],
[
-0.980362966,
-0.033978191,
0.194252254
]
],
"t": [
-27.09199,
-186.68772,
433.05677
]
},
{
"id": "H014",
"type": "hex",
"R": [
[
0.585415077,
-0.534095601,
0.609943504
],
[
0.584261024,
-0.243659051,
-0.774124876
],
[
0.562074946,
0.809550589,
0.169409561
]
],
"t": [
90.99427,
-124.5961,
559.84512
]
},
{
"id": "H015",
"type": "hex",
"R": [
[
-0.148389157,
0.214692179,
0.965343424
],
[
-0.860872903,
0.452369439,
-0.232937191
],
[
-0.486701656,
-0.86560335,
0.11769596
]
],
"t": [
203.91668,
-59.47014,
240.16528
]
},
{
"id": "H016",
"type": "hex",
"R": [
[
0.10897115,
0.218205557,
0.969799785
],
[
-0.87945447,
-0.433585189,
0.196376474
],
[
0.463341261,
-0.874294126,
0.144653575
]
],
"t": [
206.84192,
19.93697,
293.82657
]
},
{
"id": "H017",
"type": "hex",
"R": [
[
0.037424095,
0.604241555,
0.795921843
],
[
-0.395963202,
-0.722318697,
0.566982224
],
[
0.917503449,
-0.336374558,
0.212225297
]
],
"t": [
155.1648,
92.24413,
440.70871
]
},
{
"id": "H018",
"type": "hex",
"R": [
[
-0.256823268,
-0.952261641,
0.165044162
],
[
0.085278029,
-0.19243463,
-0.977597346
],
[
0.962688666,
-0.236995104,
0.130628686
]
],
"t": [
38.08016,
-200.73834,
277.52505
]
},
{
"id": "H019",
"type": "hex",
"R": [
[
-0.182285515,
-0.849437895,
0.495204254
],
[
0.036835147,
-0.509188509,
-0.859866405
],
[
0.982555425,
-0.138500269,
0.12410686
]
],
"t": [
115.81312,
-177.83797,
233.85834
]
},
{
"id": "H020",
"type": "hex",
"R": [
[
-0.835276995,
-0.436682642,
-0.334096711
],
[
0.381547899,
-0.022832198,
-0.924067038
],
[
0.395895874,
-0.899325837,
0.185686554
]
],
"t": [
-30.47261,
-154.18818,
545.88595
]
},
{
"id": "H021",
"type": "hex",
"R": [
[
-0.837500456,
-0.504543696,
0.209830037
],
[
-0.090257664,
-0.250993894,
-0.96377156
],
[
0.538930923,
-0.82609789,
0.164668566
]
],
"t": [
36.49478,
-165.46216,
611.97933
]
},
{
"id": "H022",
"type": "hex",
"R": [
[
-0.169784632,
-0.591448204,
0.788265311
],
[
-0.029664428,
-0.796448842,
-0.603977867
],
[
0.985034619,
-0.1259296,
0.117679801
]
],
"t": [
182.16554,
-134.46665,
185.54462
]
},
{
"id": "H023",
"type": "hex",
"R": [
[
-0.371086523,
-0.417816727,
0.829291249
],
[
0.769786387,
0.361059146,
0.526369843
],
[
-0.519349315,
0.833705869,
0.187645446
]
],
"t": [
170.45571,
93.39725,
346.55314
]
},
{
"id": "H024",
"type": "hex",
"R": [
[
-0.334310654,
0.011061396,
0.942398022
],
[
-0.76852319,
-0.581999473,
-0.26579827
],
[
0.545535053,
-0.813113927,
0.203069564
]
],
"t": [
170.46707,
-68.32076,
622.2608
]
},
{
"id": "H025",
"type": "hex",
"R": [
[
-0.168050698,
-0.581845643,
0.795747831
],
[
0.519443951,
0.633799017,
0.573128945
],
[
-0.837816773,
0.509661117,
0.195725832
]
],
"t": [
136.65943,
65.43073,
606.36852
]
},
{
"id": "H026",
"type": "hex",
"R": [
[
-0.659237694,
-0.481266717,
-0.577743896
],
[
0.602585728,
0.121456093,
-0.788757794
],
[
0.44977339,
-0.868119096,
0.20993602
]
],
"t": [
-82.30992,
-151.93456,
367.75312
]
},
{
"id": "H027",
"type": "hex",
"R": [
[
-0.821532214,
-0.528497212,
-0.213952141
],
[
0.26524462,
-0.022086224,
-0.963928156
],
[
0.504707948,
-0.848647687,
0.158325587
]
],
"t": [
-36.08615,
-208.29162,
323.89331
]
},
{
"id": "H028",
"type": "hex",
"R": [
[
0.016961415,
0.746789767,
-0.664843858
],
[
-0.312857203,
-0.627585824,
-0.712921036
],
[
-0.949648715,
0.220093339,
0.222993813
]
],
"t": [
-77.2024,
-127.69577,
470.76388
]
},
{
"id": "H029",
"type": "hex",
"R": [
[
0.545594927,
-0.524568435,
0.653570297
],
[
0.634953935,
-0.250237685,
-0.730899857
],
[
0.546954912,
0.813762286,
0.196548381
]
],
"t": [
107.42072,
-110.26664,
665.88833
]
},
{
"id": "H030",
"type": "hex",
"R": [
[
-0.123597198,
0.210200918,
0.969814058
],
[
-0.845258744,
0.489694714,
-0.213861502
],
[
-0.519866702,
-0.846176495,
0.11714927
]
],
"t": [
219.22492,
-56.76805,
139.73628
]
},
{
"id": "H031",
"type": "hex",
"R": [
[
0.089365965,
0.197508756,
0.976219246
],
[
-0.859168229,
-0.480520351,
0.175869688
],
[
0.503829018,
-0.854453324,
0.126751083
]
],
"t": [
210.12825,
23.61207,
192.05407
]
},
{
"id": "H032",
"type": "hex",
"R": [
[
-0.131021841,
0.524656426,
0.841171155
],
[
-0.062084036,
-0.85116242,
0.521217907
],
[
0.9894336,
0.016067629,
0.144093656
]
],
"t": [
178.08154,
96.69838,
243.92949
]
},
{
"id": "H033",
"type": "hex",
"R": [
[
-0.645801867,
-0.580046496,
0.496473575
],
[
0.518310807,
0.144398941,
0.842913313
],
[
-0.560619172,
0.801682611,
0.207391262
]
],
"t": [
94.91637,
137.82989,
393.29951
]
},
{
"id": "H034",
"type": "hex",
"R": [
[
-0.784225526,
0.356229518,
0.508026431
],
[
0.335470489,
-0.445348126,
0.830135289
],
[
0.521967313,
0.821441159,
0.229748877
]
],
"t": [
80.27448,
130.93681,
486.58646
]
},
{
"id": "H035",
"type": "hex",
"R": [
[
-0.729893367,
0.509061706,
0.456192779
],
[
0.258940473,
-0.411730974,
0.873743347
],
[
0.632617976,
0.755866248,
0.168703029
]
],
"t": [
62.7208,
105.53539,
582.55543
]
},
{
"id": "H036",
"type": "hex",
"R": [
[
0.232460134,
0.956639167,
-0.175510088
],
[
-0.172015223,
-0.13717077,
-0.97549728
],
[
-0.957273759,
0.256954635,
0.132669764
]
],
"t": [
-33.07061,
-198.11822,
214.91566
]
},
{
"id": "H037",
"type": "hex",
"R": [
[
0.928835817,
0.318589967,
0.189114934
],
[
0.134897221,
0.184590342,
-0.973513814
],
[
-0.345060524,
0.929745577,
0.12847722
]
],
"t": [
44.47036,
-219.9133,
177.72347
]
},
{
"id": "H038",
"type": "hex",
"R": [
[
-0.66574061,
0.524727648,
0.530518931
],
[
-0.505364948,
0.206023903,
-0.83795013
],
[
-0.548995181,
-0.825963103,
0.128020482
]
],
"t": [
124.59101,
-189.2447,
132.28732
]
},
{
"id": "H039",
"type": "hex",
"R": [
[
0.323157616,
0.805160786,
-0.497277854
],
[
-0.330600748,
-0.396313252,
-0.856527263
],
[
-0.886719967,
0.441193739,
0.138115113
]
],
"t": [
-42.35288,
-130.18942,
650.09585
]
},
{
"id": "H040",
"type": "hex",
"R": [
[
0.507818242,
-0.33445418,
-0.793889812
],
[
-0.4603402,
0.673594778,
-0.578236089
],
[
0.728153509,
0.65909823,
0.188101012
]
],
"t": [
-77.26338,
-86.65081,
576.53292
]
},
{
"id": "H041",
"type": "hex",
"R": [
[
0.159131618,
0.976749119,
0.143660318
],
[
-0.186968635,
0.172697123,
-0.967066923
],
[
-0.969391488,
0.127030951,
0.210103022
]
],
"t": [
33.98786,
-137.88235,
717.45849
]
},
{
"id": "H042",
"type": "hex",
"R": [
[
-0.438534063,
0.374748197,
0.816854739
],
[
-0.745045043,
0.356699254,
-0.563625342
],
[
-0.502589057,
-0.855762485,
0.122779513
]
],
"t": [
189.22695,
-129.84403,
87.09146
]
},
{
"id": "H043",
"type": "hex",
"R": [
[
-0.137410201,
0.83698812,
0.529687949
],
[
-0.103153141,
-0.54394486,
0.832756518
],
[
0.98512835,
0.059790265,
0.161081526
]
],
"t": [
112.32632,
149.29836,
293.79874
]
},
{
"id": "H044",
"type": "hex",
"R": [
[
0.3163094,
-0.014592383,
0.948543845
],
[
0.126437567,
0.99160955,
-0.026908028
],
[
-0.940192483,
0.128442838,
0.315500447
]
],
"t": [
119.84134,
-39.30988,
737.52341
]
},
{
"id": "H045",
"type": "hex",
"R": [
[
-0.086326149,
-0.493041855,
0.865712149
],
[
0.614680127,
0.657489005,
0.435748265
],
[
-0.784038352,
0.569752523,
0.246304536
]
],
"t": [
143.28704,
25.42965,
687.73135
]
},
{
"id": "H046",
"type": "hex",
"R": [
[
0.040966013,
0.873967894,
0.484253969
],
[
-0.367114818,
-0.43759476,
0.820815166
],
[
0.929273101,
-0.211402333,
0.302920051
]
],
"t": [
63.02916,
84.30296,
677.81893
]
},
{
"id": "H047",
"type": "hex",
"R": [
[
0.454166896,
-0.228159325,
-0.861205988
],
[
-0.462745099,
0.765620268,
-0.446869755
],
[
0.761314261,
0.601472299,
0.242139772
]
],
"t": [
-141.13057,
-97.82262,
406.64348
]
},
{
"id": "H048",
"type": "hex",
"R": [
[
0.076455911,
-0.601771445,
-0.795000391
],
[
0.258908788,
0.781966009,
-0.567005644
],
[
0.962871089,
-0.162481654,
0.215589839
]
],
"t": [
-135.56591,
-118.81594,
298.5911
]
},
{
"id": "H049",
"type": "hex",
"R": [
[
-0.693114915,
-0.502155588,
-0.517137778
],
[
0.524061628,
0.141542206,
-0.839836421
],
[
0.494925373,
-0.853115215,
0.165055461
]
],
"t": [
-105.27473,
-188.1257,
259.28487
]
},
{
"id": "H050",
"type": "hex",
"R": [
[
-0.03494407,
0.3476367,
-0.936977928
],
[
-0.567611681,
-0.778561351,
-0.267692364
],
[
-0.822554491,
0.522485356,
0.224528754
]
],
"t": [
-126.67159,
-55.10444,
500.66874
]
},
{
"id": "H051",
"type": "hex",
"R": [
[
0.065884488,
-0.216351652,
0.974089933
],
[
0.759475481,
-0.622297786,
-0.189584967
],
[
0.647191029,
0.752288129,
0.123314004
]
],
"t": [
236.66723,
-53.03086,
47.52781
]
},
{
"id": "H052",
"type": "hex",
"R": [
[
-0.099994873,
0.190363182,
0.976607846
],
[
-0.140403031,
-0.974405643,
0.175558057
],
[
0.985031986,
-0.119563796,
0.124163136
]
],
"t": [
231.53161,
29.77739,
97.05994
]
},
{
"id": "H053",
"type": "hex",
"R": [
[
0.502638545,
-0.180763066,
0.845387016
],
[
-0.688118452,
0.508290703,
0.517816142
],
[
-0.523304395,
-0.842000757,
0.131100098
]
],
"t": [
191.85752,
105.37726,
144.19976
]
},
{
"id": "H054",
"type": "hex",
"R": [
[
-0.751401214,
0.33492224,
0.568527316
],
[
0.44251428,
-0.383355251,
0.810690979
],
[
0.48946637,
0.860735642,
0.139845727
]
],
"t": [
131.33107,
165.10932,
193.81126
]
},
{
"id": "H055",
"type": "hex",
"R": [
[
0.874547779,
-0.476799193,
0.088480007
],
[
0.013534345,
0.206383095,
0.978377657
],
[
-0.484750455,
-0.854440488,
0.186945042
]
],
"t": [
30.96846,
181.52694,
338.93351
]
},
{
"id": "H056",
"type": "hex",
"R": [
[
-0.859180463,
0.511087607,
-0.024462002
],
[
-0.126374731,
-0.165633983,
0.97805665
],
[
0.495820894,
0.843418545,
0.206898041
]
],
"t": [
9.26691,
159.38491,
431.76471
]
},
{
"id": "H057",
"type": "hex",
"R": [
[
0.810553452,
0.546494583,
-0.210586732
],
[
0.068793498,
0.268237913,
0.96089327
],
[
0.581610312,
-0.793342355,
0.179825892
]
],
"t": [
-5.63451,
141.90031,
534.98151
]
},
{
"id": "H058",
"type": "hex",
"R": [
[
-0.08559982,
-0.927411631,
-0.364115831
],
[
0.213979361,
-0.374041736,
0.902388837
],
[
-0.97308042,
-0.000668951,
0.230464853
]
],
"t": [
-20.93371,
111.58987,
634.1814
]
},
{
"id": "H059",
"type": "hex",
"R": [
[
0.778378881,
0.422579846,
-0.464276417
],
[
-0.478250866,
-0.079949192,
-0.874576604
],
[
-0.406696971,
0.902792557,
0.139868415
]
],
"t": [
-95.21969,
-187.57338,
138.53499
]
},
{
"id": "H060",
"type": "hex",
"R": [
[
-0.691747293,
0.711472341,
-0.123664024
],
[
-0.012621188,
-0.183131946,
-0.983007322
],
[
-0.722029354,
-0.678431867,
0.135660654
]
],
"t": [
-20.08577,
-232.90787,
109.49556
]
},
{
"id": "H061",
"type": "hex",
"R": [
[
-0.242476849,
-0.940095983,
0.23963414
],
[
0.077885441,
-0.265071369,
-0.961078055
],
[
0.967025768,
-0.214375167,
0.13749346
]
],
"t": [
65.89116,
-232.73116,
72.56234
]
},
{
"id": "H062",
"type": "hex",
"R": [
[
-0.086434704,
-0.813919637,
0.574511851
],
[
0.10520575,
-0.580902659,
-0.807145496
],
[
0.99068703,
-0.009323432,
0.135839175
]
],
"t": [
136.74739,
-187.91829,
34.01697
]
},
{
"id": "H063",
"type": "hex",
"R": [
[
-0.58339458,
0.403011852,
-0.705146943
],
[
0.330753436,
-0.675063463,
-0.659463028
],
[
-0.741790353,
-0.61795693,
0.260530811
]
],
"t": [
-52.65363,
-99.0847,
745.38026
]
},
{
"id": "H064",
"type": "hex",
"R": [
[
-0.024103401,
-0.344542985,
-0.938461058
],
[
0.555265718,
0.776004417,
-0.299160704
],
[
0.831323648,
-0.528306044,
0.172608562
]
],
"t": [
-98.94732,
-56.05875,
668.83624
]
},
{
"id": "H065",
"type": "hex",
"R": [
[
0.007618379,
-0.196222184,
-0.980529864
],
[
0.99685781,
-0.075823657,
0.022918959
],
[
-0.078844568,
-0.977623459,
0.195027963
]
],
"t": [
-117.56388,
-3.26421,
589.63152
]
},
{
"id": "H066",
"type": "hex",
"R": [
[
-0.533883274,
-0.091211785,
0.840624208
],
[
-0.75742392,
-0.390340046,
-0.523396269
],
[
0.3758692,
-0.916141397,
0.139310034
]
],
"t": [
209.64769,
-134.3691,
-4.0857
]
},
{
"id": "H067",
"type": "hex",
"R": [
[
-0.884465621,
0.430714385,
0.17945942
],
[
0.087305456,
-0.225053126,
0.970427147
],
[
0.458364835,
0.873977236,
0.161448037
]
],
"t": [
43.32959,
192.49692,
241.29494
]
},
{
"id": "H068",
"type": "hex",
"R": [
[
-0.796160779,
0.235033545,
0.557572638
],
[
-0.26450674,
-0.963958271,
0.028646738
],
[
0.544209701,
-0.124674312,
0.829633725
]
],
"t": [
51.41214,
-37.34831,
801.81277
]
},
{
"id": "H069",
"type": "hex",
"R": [
[
-0.776925419,
-0.312260903,
0.546699205
],
[
0.629056401,
-0.349174617,
0.694525112
],
[
-0.025979553,
0.883498849,
0.467712355
]
],
"t": [
77.17161,
55.46289,
760.79133
]
},
{
"id": "H070",
"type": "hex",
"R": [
[
0.663982027,
-0.637766443,
-0.390361156
],
[
0.600278421,
0.143347596,
0.786840063
],
[
-0.445862855,
-0.756773038,
0.478017661
]
],
"t": [
-15.93124,
78.47464,
731.48544
]
},
{
"id": "H071",
"type": "hex",
"R": [
[
-0.220800323,
-0.099873092,
-0.970192034
],
[
0.316402078,
-0.948279437,
0.025609279
],
[
-0.922570833,
-0.301316238,
0.24098046
]
],
"t": [
-147.7336,
-6.14821,
418.15413
]
},
{
"id": "H072",
"type": "hex",
"R": [
[
-0.29591992,
0.033611989,
-0.9546212
],
[
0.4609119,
-0.870316582,
-0.173520224
],
[
-0.836655019,
-0.491344362,
0.242051848
]
],
"t": [
-176.77962,
-46.5814,
331.48407
]
},
{
"id": "H073",
"type": "hex",
"R": [
[
0.202406968,
0.326706851,
-0.923197732
],
[
-0.875955237,
-0.361113877,
-0.319842446
],
[
-0.437874231,
0.873418228,
0.213088612
]
],
"t": [
-203.86569,
-82.5371,
230.02923
]
},
{
"id": "H074",
"type": "hex",
"R": [
[
0.56722316,
-0.358851724,
-0.741271426
],
[
-0.471999684,
0.595939001,
-0.64967146
],
[
0.674888276,
0.718388577,
0.168652503
]
],
"t": [
-158.4023,
-141.01665,
187.17836
]
},
{
"id": "H075",
"type": "hex",
"R": [
[
-0.087706819,
-0.373232115,
-0.923582862
],
[
0.410404468,
-0.858351427,
0.30789771
],
[
-0.907675981,
-0.352037804,
0.228459401
]
],
"t": [
-119.21536,
41.19047,
493.28561
]
},
{
"id": "H076",
"type": "hex",
"R": [
[
0.058189569,
-0.216331429,
0.974584366
],
[
0.834214644,
-0.525702916,
-0.166500366
],
[
0.548361105,
0.822701135,
0.14987642
]
],
"t": [
240.84314,
-54.08753,
-46.44717
]
},
{
"id": "H077",
"type": "hex",
"R": [
[
0.1243275,
-0.183881697,
0.975053944
],
[
0.05952606,
0.982290621,
0.177656366
],
[
-0.990454098,
0.035953548,
0.13307149
]
],
"t": [
233.87699,
29.65765,
0.3111
]
},
{
"id": "H078",
"type": "hex",
"R": [
[
-0.427566031,
-0.303928835,
0.851360413
],
[
0.818470869,
0.269682794,
0.507323
],
[
-0.383787343,
0.913727779,
0.133449696
]
],
"t": [
209.47401,
106.27263,
49.38876
]
},
{
"id": "H079",
"type": "hex",
"R": [
[
-0.073321361,
0.792860091,
0.604976738
],
[
-0.122609588,
-0.609174055,
0.783501027
],
[
0.989742829,
-0.016728587,
0.141877719
]
],
"t": [
152.26288,
178.85511,
101.87437
]
},
{
"id": "H080",
"type": "hex",
"R": [
[
-0.095684633,
0.961325471,
0.258259152
],
[
-0.13611229,
-0.26964843,
0.953290705
],
[
0.986061811,
0.056063027,
0.156649422
]
],
"t": [
65.27971,
211.3301,
142.51829
]
},
{
"id": "H081",
"type": "hex",
"R": [
[
0.818081536,
0.406203885,
-0.407113012
],
[
0.250797433,
0.385053416,
0.888163563
],
[
0.517535746,
-0.82869311,
0.213130198
]
],
"t": [
-63.22119,
159.04724,
374.88625
]
},
{
"id": "H082",
"type": "hex",
"R": [
[
-0.730788755,
-0.627316486,
-0.269113029
],
[
-0.071226773,
-0.322014297,
0.944051661
],
[
-0.678877414,
0.70907039,
0.190642698
]
],
"t": [
-43.00766,
172.41799,
280.62592
]
},
{
"id": "H083",
"type": "hex",
"R": [
[
-0.07077268,
-0.829063766,
-0.554657101
],
[
0.235695543,
-0.554204809,
0.798313623
],
[
-0.969246531,
-0.074231412,
0.234629194
]
],
"t": [
-73.86728,
127.28973,
474.16952
]
},
{
"id": "H084",
"type": "hex",
"R": [
[
-0.051891346,
0.686394325,
-0.725375846
],
[
-0.360440558,
0.664521084,
0.654594786
],
[
0.93133769,
0.295422679,
0.21292146
]
],
"t": [
-81.72812,
86.54448,
567.80499
]
},
{
"id": "H085",
"type": "hex",
"R": [
[
-0.479620521,
-0.247886372,
-0.841734223
],
[
-0.419927613,
-0.77744619,
0.468228813
],
[
-0.770470606,
0.578039591,
0.268784814
]
],
"t": [
-76.27297,
37.44092,
665.88072
]
},
{
"id": "H086",
"type": "hex",
"R": [
[
-0.187564117,
-0.894576034,
-0.405651848
],
[
0.236877452,
0.359597559,
-0.90254012
],
[
0.953262175,
-0.265373917,
0.144457293
]
],
"t": [
-92.51413,
-210.5094,
47.47939
]
},
{
"id": "H087",
"type": "hex",
"R": [
[
-0.533526018,
0.485219116,
-0.692757099
],
[
0.366336505,
-0.60568066,
-0.706362869
],
[
-0.762330344,
-0.630645183,
0.145392915
]
],
"t": [
-166.29678,
-174.70535,
81.93472
]
},
{
"id": "H088",
"type": "hex",
"R": [
[
0.897087973,
0.438419332,
-0.054969615
],
[
-0.114736388,
0.110998742,
-0.987175182
],
[
-0.426695126,
0.891889998,
0.149878287
]
],
"t": [
-4.99275,
-232.07569,
12.35856
]
},
{
"id": "H089",
"type": "hex",
"R": [
[
-0.681225241,
0.667309095,
0.301049402
],
[
-0.320811839,
0.097520407,
-0.942109088
],
[
-0.658036423,
-0.738368703,
0.147647295
]
],
"t": [
83.32754,
-238.96548,
-23.09999
]
},
{
"id": "H090",
"type": "hex",
"R": [
[
0.556797915,
-0.56387207,
0.609938005
],
[
0.556492356,
-0.291919892,
-0.777881118
],
[
0.616678473,
0.772548423,
0.151250109
]
],
"t": [
161.65452,
-195.24405,
-59.76071
]
},
{
"id": "H091",
"type": "hex",
"R": [
[
-0.22175978,
0.480392231,
-0.848555186
],
[
-0.970836137,
-0.027469578,
0.238165106
],
[
0.091103214,
0.87662348,
0.472473786
]
],
"t": [
-67.04275,
-2.01583,
754.15561
]
},
{
"id": "H092",
"type": "hex",
"R": [
[
-0.519954696,
-0.05364993,
0.85250736
],
[
-0.768128285,
-0.407217959,
-0.494117873
],
[
0.373665697,
-0.911753924,
0.170524861
]
],
"t": [
228.26187,
-136.12832,
-96.24528
]
},
{
"id": "H093",
"type": "hex",
"R": [
[
-0.067203596,
0.986803348,
-0.147318802
],
[
-0.188418135,
0.13244391,
0.973117268
],
[
0.979786856,
0.093154514,
0.177030939
]
],
"t": [
-25.62761,
206.44682,
181.77872
]
},
{
"id": "H094",
"type": "hex",
"R": [
[
0.540879962,
0.216350137,
-0.812798551
],
[
0.543464601,
0.647646975,
0.534040844
],
[
0.641946333,
-0.730579232,
0.232720631
]
],
"t": [
-121.28416,
87.40672,
405.86274
]
},
{
"id": "H095",
"type": "hex",
"R": [
[
0.344439902,
0.114022176,
-0.93185841
],
[
0.475086189,
0.834947668,
0.277768798
],
[
0.809724809,
-0.538387719,
0.233418932
]
],
"t": [
-161.40404,
47.86543,
331.65256
]
},
{
"id": "H096",
"type": "hex",
"R": [
[
-0.234100391,
0.07031666,
-0.969666218
],
[
-0.568868656,
-0.818724329,
0.077967463
],
[
-0.788406912,
0.569864932,
0.231664629
]
],
"t": [
-190.7644,
1.34197,
250.37756
]
},
{
"id": "H097",
"type": "hex",
"R": [
[
0.000621831,
-0.222585829,
-0.9749129
],
[
0.937104406,
0.340421847,
-0.077125207
],
[
0.349048628,
-0.913547215,
0.208797846
]
],
"t": [
-232.25501,
-25.46665,
152.81653
]
},
{
"id": "H098",
"type": "hex",
"R": [
[
-0.028808074,
0.455713708,
-0.88966011
],
[
-0.31908674,
-0.847656487,
-0.423865702
],
[
-0.947287574,
0.27166799,
0.169831553
]
],
"t": [
-201.402,
-95.40964,
115.45144
]
},
{
"id": "H099",
"type": "hex",
"R": [
[
-0.073621018,
-0.224700834,
0.971642672
],
[
0.843950916,
0.505053009,
0.180743768
],
[
-0.53134433,
0.833325263,
0.152453958
]
],
"t": [
251.01908,
29.34119,
-92.5425
]
},
{
"id": "H100",
"type": "hex",
"R": [
[
0.210677307,
-0.085247174,
0.973831603
],
[
0.874128285,
0.462394516,
-0.148630592
],
[
-0.437624055,
0.882566842,
0.171932997
]
],
"t": [
258.28279,
-55.4107,
-138.90718
]
},
{
"id": "H101",
"type": "hex",
"R": [
[
-0.482024902,
0.159127939,
0.861585917
],
[
0.697713919,
-0.525082324,
0.487323137
],
[
0.529950262,
0.836042374,
0.142076978
]
],
"t": [
223.95171,
112.69951,
-44.19029
]
},
{
"id": "H102",
"type": "hex",
"R": [
[
0.137968477,
-0.750259665,
0.646587299
],
[
0.078551208,
0.659062953,
0.747974419
],
[
-0.987316771,
-0.052406678,
0.149863715
]
],
"t": [
158.38679,
176.30522,
3.57895
]
},
{
"id": "H103",
"type": "hex",
"R": [
[
0.693766004,
0.637809784,
0.334495755
],
[
-0.359992023,
-0.095156768,
0.928089938
],
[
0.623774378,
-0.764293051,
0.163589904
]
],
"t": [
82.58017,
216.65037,
48.17745
]
},
{
"id": "H104",
"type": "hex",
"R": [
[
-0.776281412,
-0.629272383,
-0.037462474
],
[
0.082268608,
-0.160049108,
0.983674824
],
[
-0.624995236,
0.760526496,
0.17601251
]
],
"t": [
-7.21425,
211.23117,
89.76979
]
},
{
"id": "H105",
"type": "hex",
"R": [
[
0.006700694,
-0.730701203,
-0.682664524
],
[
0.304396665,
-0.64879158,
0.697432546
],
[
-0.952521796,
-0.212474086,
0.218075655
]
],
"t": [
-127.36074,
136.27559,
310.63456
]
},
{
"id": "H106",
"type": "hex",
"R": [
[
0.768629892,
-0.32446927,
-0.551296455
],
[
0.586322059,
0.012717831,
0.80997821
],
[
-0.255801743,
-0.945810737,
0.200018796
]
],
"t": [
-110.66556,
174.03592,
223.22566
]
},
{
"id": "H107",
"type": "hex",
"R": [
[
0.598131108,
-0.487456157,
-0.636101935
],
[
-0.356447325,
0.549085201,
-0.755943613
],
[
0.717763528,
0.678890224,
0.154672496
]
],
"t": [
-146.30042,
-181.76612,
-23.68676
]
},
{
"id": "H108",
"type": "hex",
"R": [
[
0.227656089,
0.91485944,
-0.333474002
],
[
-0.249150191,
-0.276338696,
-0.928203161
],
[
-0.941327195,
0.294396212,
0.165027217
]
],
"t": [
-78.15677,
-241.44967,
-48.50364
]
},
{
"id": "H109",
"type": "hex",
"R": [
[
-0.429043051,
0.299380083,
-0.852228623
],
[
0.497444402,
-0.709209662,
-0.499570538
],
[
-0.753970243,
-0.638273626,
0.155356531
]
],
"t": [
-204.48214,
-107.37503,
-2.34071
]
},
{
"id": "H110",
"type": "hex",
"R": [
[
-0.164552633,
-0.985956766,
0.028490128
],
[
0.158972744,
-0.0550161,
-0.985748901
],
[
0.973473214,
-0.157678423,
0.165793296
]
],
"t": [
10.90619,
-249.79339,
-79.9033
]
},
{
"id": "H111",
"type": "hex",
"R": [
[
-0.666508225,
0.651077594,
0.363131867
],
[
-0.367048912,
0.137373648,
-0.920001944
],
[
-0.648877402,
-0.746476019,
0.147416656
]
],
"t": [
100.41752,
-241.49989,
-116.32262
]
},
{
"id": "H112",
"type": "hex",
"R": [
[
0.195821931,
0.751863311,
0.629567576
],
[
-0.016076281,
0.644372017,
-0.764543169
],
[
-0.980507687,
0.139593215,
0.138269338
]
],
"t": [
177.81392,
-196.81515,
-152.24538
]
},
{
"id": "H113",
"type": "hex",
"R": [
[
-0.306700929,
0.408903107,
0.85949566
],
[
-0.708724468,
0.50465184,
-0.492986966
],
[
-0.635329968,
-0.760345165,
0.135022449
]
],
"t": [
245.63401,
-144.15917,
-189.3002
]
},
{
"id": "H114",
"type": "hex",
"R": [
[
0.022271392,
0.90451664,
-0.425856354
],
[
-0.196019092,
0.421644972,
0.8853203
],
[
0.980347133,
0.06375866,
0.186693151
]
],
"t": [
-93.80092,
199.40355,
120.92589
]
},
{
"id": "H115",
"type": "hex",
"R": [
[
0.461810665,
-0.251019441,
-0.850717432
],
[
0.878384414,
-0.00376311,
0.477940017
],
[
-0.123173579,
-0.967974731,
0.21875372
]
],
"t": [
-157.43209,
91.12835,
241.74824
]
},
{
"id": "H116",
"type": "hex",
"R": [
[
0.107528701,
0.351714931,
-0.929910848
],
[
-0.352305758,
0.888119,
0.295169944
],
[
0.929687169,
0.295873706,
0.219409477
]
],
"t": [
-201.87524,
50.8553,
167.96808
]
},
{
"id": "H117",
"type": "hex",
"R": [
[
0.22295252,
-0.131777005,
-0.96588146
],
[
0.906866255,
0.391515138,
0.155915017
],
[
0.357611199,
-0.910686948,
0.206793406
]
],
"t": [
-255.05828,
34.80671,
60.37021
]
},
{
"id": "H118",
"type": "hex",
"R": [
[
0.051663069,
0.254796417,
-0.965613646
],
[
-0.807986671,
-0.557601261,
-0.190363791
],
[
-0.586931399,
0.790037733,
0.177064716
]
],
"t": [
-239.92698,
-46.6212,
44.23591
]
},
{
"id": "H119",
"type": "hex",
"R": [
[
0.083946065,
-0.199886594,
0.976216373
],
[
0.171041332,
0.968024868,
0.183501273
],
[
-0.981681171,
0.151569139,
0.115450748
]
],
"t": [
272.98977,
26.78572,
-184.66972
]
},
{
"id": "H120",
"type": "hex",
"R": [
[
0.463705319,
-0.10633119,
0.879585729
],
[
-0.764918683,
0.452912631,
0.458006067
],
[
-0.447075817,
-0.885191407,
0.128683282
]
],
"t": [
237.61558,
107.48789,
-144.40898
]
},
{
"id": "H121",
"type": "hex",
"R": [
[
0.09334915,
-0.135520379,
0.986367154
],
[
0.860716367,
-0.486985415,
-0.148366243
],
[
0.500453067,
0.862832216,
0.071184934
]
],
"t": [
274.29447,
-62.28133,
-233.25128
]
},
{
"id": "H122",
"type": "hex",
"R": [
[
0.463620807,
0.540260908,
0.702263411
],
[
-0.606517427,
-0.384274333,
0.696038682
],
[
0.645904294,
-0.748633013,
0.14952008
]
],
"t": [
177.51597,
168.35083,
-102.92179
]
},
{
"id": "H123",
"type": "hex",
"R": [
[
-0.843699456,
0.32649794,
0.426110694
],
[
0.322039456,
-0.327233902,
0.888374111
],
[
0.429490182,
0.886745211,
0.170941846
]
],
"t": [
106.07878,
216.68599,
-59.20779
]
},
{
"id": "H124",
"type": "hex",
"R": [
[
-0.210924394,
0.97411192,
0.081344127
],
[
-0.163602399,
-0.117221993,
0.979537268
],
[
0.96371425,
0.193300211,
0.184092025
]
],
"t": [
19.40859,
225.3537,
-16.46097
]
},
{
"id": "H125",
"type": "hex",
"R": [
[
-0.880076957,
0.371378589,
-0.295875807
],
[
-0.342545681,
-0.065049506,
0.937246509
],
[
0.328826711,
0.926200035,
0.184462703
]
],
"t": [
-68.3549,
218.19817,
21.96272
]
},
{
"id": "H126",
"type": "hex",
"R": [
[
0.606908537,
-0.270857402,
-0.747193613
],
[
0.773613978,
-0.014153368,
0.633499088
],
[
-0.182163223,
-0.962515428,
0.200949273
]
],
"t": [
-151.90157,
130.57252,
152.77892
]
},
{
"id": "H127",
"type": "hex",
"R": [
[
-0.471566747,
0.376736239,
-0.79730459
],
[
0.409650612,
-0.707078013,
-0.576391412
],
[
-0.780904078,
-0.598423336,
0.179104248
]
],
"t": [
-211.09337,
-150.33282,
-89.00601
]
},
{
"id": "H128",
"type": "hex",
"R": [
[
0.65575022,
-0.502860024,
-0.563137145
],
[
-0.300022373,
0.510904784,
-0.805582322
],
[
0.692804607,
0.697214528,
0.184156667
]
],
"t": [
-141.71745,
-209.32351,
-113.47156
]
},
{
"id": "H129",
"type": "hex",
"R": [
[
-0.91912704,
-0.309793374,
-0.243379435
],
[
0.286172959,
-0.100431535,
-0.952900071
],
[
0.270759158,
-0.945484834,
0.180963826
]
],
"t": [
-63.06148,
-256.26247,
-139.69121
]
},
{
"id": "H130",
"type": "hex",
"R": [
[
0.050462734,
-0.333025157,
-0.941566651
],
[
0.414653159,
0.864658166,
-0.283600093
],
[
0.908579259,
-0.37611235,
0.181722948
]
],
"t": [
-259.09587,
-69.79615,
-68.57045
]
},
{
"id": "H131",
"type": "hex",
"R": [
[
-0.167631451,
-0.977360698,
0.129095947
],
[
0.118444808,
-0.149967002,
-0.98157054
],
[
0.9787086,
-0.149251349,
0.140902486
]
],
"t": [
26.57502,
-261.1274,
-172.52881
]
},
{
"id": "H132",
"type": "hex",
"R": [
[
0.719220156,
-0.550952116,
0.423289656
],
[
0.378253995,
-0.20053841,
-0.903719127
],
[
0.5827918,
0.810084015,
0.064168572
]
],
"t": [
115.53737,
-245.80205,
-210.3728
]
},
{
"id": "H133",
"type": "hex",
"R": [
[
-0.710721341,
-0.303950007,
0.634420656
],
[
-0.585267436,
-0.244880424,
-0.7729784
],
[
0.390303989,
-0.920677996,
-0.003850298
]
],
"t": [
190.79598,
-204.73984,
-250.44031
]
},
{
"id": "H134",
"type": "hex",
"R": [
[
0.040100801,
0.502835505,
0.863451435
],
[
0.190694088,
0.844411861,
-0.500604009
],
[
-0.980830103,
0.184729705,
-0.062026166
]
],
"t": [
250.29478,
-139.90892,
-287.34174
]
},
{
"id": "H135",
"type": "hex",
"R": [
[
0.123793067,
-0.769311119,
-0.626766048
],
[
0.334879628,
-0.562181053,
0.756179938
],
[
-0.934093631,
-0.303501015,
0.188032505
]
],
"t": [
-141.52716,
165.56204,
53.41271
]
},
{
"id": "H136",
"type": "hex",
"R": [
[
0.065821483,
0.523676591,
-0.849370567
],
[
-0.291998037,
0.824063177,
0.485445184
],
[
0.954151287,
0.216061816,
0.207153597
]
],
"t": [
-207.25242,
103.45606,
72.68732
]
},
{
"id": "H137",
"type": "hex",
"R": [
[
-0.349849005,
-0.254766675,
-0.901498539
],
[
-0.361871405,
-0.850865064,
0.380890705
],
[
-0.86409187,
0.459480777,
0.205481522
]
],
"t": [
-249.78017,
97.7812,
-29.62892
]
},
{
"id": "H138",
"type": "hex",
"R": [
[
-0.11139911,
0.384095656,
0.916548289
],
[
0.155540731,
-0.904183293,
0.397818618
],
[
0.981528053,
0.186877231,
0.040982695
]
],
"t": [
244.86442,
92.52318,
-244.02869
]
},
{
"id": "H139",
"type": "hex",
"R": [
[
0.132708545,
0.043588836,
0.99019617
],
[
-0.800843662,
-0.583910193,
0.133035016
],
[
0.583984478,
-0.81064721,
-0.04258203
]
],
"t": [
281.52105,
17.53381,
-287.12948
]
},
{
"id": "H140",
"type": "hex",
"R": [
[
-0.365004062,
-0.510522503,
0.778549169
],
[
0.595393292,
0.514886108,
0.616765047
],
[
-0.715736587,
0.6886647,
0.116026153
]
],
"t": [
203.34785,
173.84516,
-207.17838
]
},
{
"id": "H141",
"type": "hex",
"R": [
[
-0.297306119,
0.785536363,
0.542716956
],
[
-0.000334498,
-0.568505294,
0.822679536
],
[
0.954782153,
0.244406122,
0.169282864
]
],
"t": [
140.46979,
227.69325,
-161.62494
]
},
{
"id": "H142",
"type": "hex",
"R": [
[
0.671177463,
0.705849484,
0.226489115
],
[
-0.301937277,
-0.01873371,
0.953143708
],
[
0.677018976,
-0.708114083,
0.200548628
]
],
"t": [
57.36502,
264.60546,
-112.48314
]
},
{
"id": "H143",
"type": "hex",
"R": [
[
0.699876473,
0.699044175,
-0.146663438
],
[
-0.040676872,
0.244010061,
0.968919234
],
[
0.713104701,
-0.672157966,
0.199211831
]
],
"t": [
-34.35263,
242.69172,
-87.5075
]
},
{
"id": "H144",
"type": "hex",
"R": [
[
0.588066034,
0.645927671,
-0.486781043
],
[
0.159677902,
0.497284186,
0.852766912
],
[
0.79289426,
-0.579211432,
0.189295564
]
],
"t": [
-121.53611,
213.28613,
-54.04826
]
},
{
"id": "H145",
"type": "hex",
"R": [
[
-0.376532413,
-0.246956752,
-0.892880565
],
[
0.919468807,
0.018084858,
-0.392746802
],
[
0.113139092,
-0.96885773,
0.220259495
]
],
"t": [
-256.28842,
-100.612,
-161.43678
]
},
{
"id": "H146",
"type": "hex",
"R": [
[
-0.083799116,
-0.685628095,
-0.723112594
],
[
0.383725091,
0.64750132,
-0.658404962
],
[
0.9196373,
-0.332650199,
0.208832665
]
],
"t": [
-206.97297,
-182.49435,
-177.73618
]
},
{
"id": "H147",
"type": "hex",
"R": [
[
-0.137471001,
-0.869585323,
-0.474260572
],
[
0.273938656,
0.426752623,
-0.861881553
],
[
0.951871491,
-0.248402024,
0.179546924
]
],
"t": [
-134.55581,
-239.12253,
-201.13124
]
},
{
"id": "H148",
"type": "hex",
"R": [
[
-0.933013183,
-0.335877637,
-0.129122472
],
[
0.15591595,
-0.053944139,
-0.986296226
],
[
0.324309446,
-0.940359635,
0.102699274
]
],
"t": [
-48.53548,
-266.85156,
-232.15202
]
},
{
"id": "H149",
"type": "hex",
"R": [
[
0.127328959,
0.151082878,
-0.980286336
],
[
-0.573696356,
0.817449341,
0.051469084
],
[
0.809110516,
0.555833194,
0.19076067
]
],
"t": [
-247.16319,
14.09028,
-49.311
]
},
{
"id": "H150",
"type": "hex",
"R": [
[
0.863002881,
0.444265282,
0.240529387
],
[
0.225800907,
0.086706198,
-0.970307161
],
[
-0.451929173,
0.891689629,
-0.025487804
]
],
"t": [
46.1723,
-267.85692,
-270.32637
]
},
{
"id": "H151",
"type": "hex",
"R": [
[
-0.770738851,
0.438055918,
0.462675519
],
[
-0.28942798,
0.406209594,
-0.866732491
],
[
-0.567620532,
-0.801935645,
-0.186295876
]
],
"t": [
124.65281,
-234.40624,
-315.53612
]
},
{
"id": "H152",
"type": "hex",
"R": [
[
-0.653854221,
-0.476749779,
0.587523877
],
[
-0.663731819,
-0.011360398,
-0.747884359
],
[
0.363228208,
-0.878965636,
-0.309005954
]
],
"t": [
193.20923,
-183.37729,
-356.8523
]
},
{
"id": "H153",
"type": "hex",
"R": [
[
-0.168295165,
0.551789637,
0.816826134
],
[
0.405317147,
0.794090746,
-0.452921513
],
[
-0.898551472,
0.254849138,
-0.357291435
]
],
"t": [
247.02147,
-111.29588,
-388.06533
]
},
{
"id": "H154",
"type": "hex",
"R": [
[
0.654031148,
-0.181654274,
-0.734333019
],
[
0.755007389,
0.096465572,
0.648581711
],
[
-0.046979785,
-0.978619496,
0.200241808
]
],
"t": [
-186.89511,
154.41786,
-23.056
]
},
{
"id": "H155",
"type": "hex",
"R": [
[
0.202057633,
0.07205413,
-0.976719466
],
[
-0.539899333,
0.840260828,
-0.049703645
],
[
0.817117754,
0.537373189,
0.208683091
]
],
"t": [
-271.02137,
-6.99957,
-152.7323
]
},
{
"id": "H156",
"type": "hex",
"R": [
[
-0.046735064,
0.488723025,
0.87118634
],
[
0.030021489,
-0.871058128,
0.490261612
],
[
0.99845608,
0.049066719,
0.026036765
]
],
"t": [
228.01314,
152.9565,
-308.89405
]
},
{
"id": "H157",
"type": "hex",
"R": [
[
0.679252027,
-0.29105668,
0.673723009
],
[
-0.532720059,
0.435890996,
0.725402219
],
[
-0.504802955,
-0.851636688,
0.141028111
]
],
"t": [
157.38261,
211.31843,
-265.6972
]
},
{
"id": "H158",
"type": "hex",
"R": [
[
0.200359696,
-0.207785006,
0.957434793
],
[
-0.924082492,
0.284564002,
0.255136978
],
[
-0.325465115,
-0.935867897,
-0.134995329
]
],
"t": [
251.7253,
71.38268,
-355.2708
]
},
{
"id": "H159",
"type": "hex",
"R": [
[
-0.064331346,
0.919771703,
0.387145311
],
[
-0.203989078,
-0.391877532,
0.897117861
],
[
0.976857172,
-0.021260616,
0.21283339
]
],
"t": [
83.79758,
251.94979,
-219.15477
]
},
{
"id": "H160",
"type": "hex",
"R": [
[
0.199770964,
-0.207576016,
0.957603133
],
[
-0.659640662,
-0.751158062,
-0.025214356
],
[
0.724545209,
-0.626636868,
-0.286985151
]
],
"t": [
248.5908,
-19.12944,
-387.44115
]
},
{
"id": "H161",
"type": "hex",
"R": [
[
0.905444036,
-0.424250099,
0.01352592
],
[
0.083670053,
0.209629712,
0.974194388
],
[
-0.4161375,
-0.880946785,
0.225305
]
],
"t": [
-0.10622,
270.25734,
-176.28971
]
},
{
"id": "H162",
"type": "hex",
"R": [
[
-0.695764091,
-0.630881779,
-0.343366438
],
[
-0.101472114,
-0.386917962,
0.916513994
],
[
-0.711066621,
0.672519644,
0.205186716
]
],
"t": [
-94.44732,
259.45039,
-147.32176
]
},
{
"id": "H163",
"type": "hex",
"R": [
[
-0.212936348,
0.762971512,
-0.610354474
],
[
-0.388046869,
0.507263692,
0.769482406
],
[
0.896703819,
0.400696916,
0.188053828
]
],
"t": [
-176.0771,
212.39917,
-123.25094
]
},
{
"id": "H164",
"type": "hex",
"R": [
[
0.00088519,
0.604637878,
-0.796500002
],
[
-0.314284464,
0.75630891,
0.573778797
],
[
0.949328443,
0.249819673,
0.190697769
]
],
"t": [
-221.41168,
139.31718,
-124.06531
]
},
{
"id": "H165",
"type": "hex",
"R": [
[
-0.114863003,
0.257898838,
-0.959319905
],
[
-0.463275071,
-0.868169891,
-0.17792484
],
[
-0.878739267,
0.423992016,
0.219198703
]
],
"t": [
-279.29131,
-46.87436,
-236.66591
]
},
{
"id": "H166",
"type": "hex",
"R": [
[
0.500437244,
0.250153069,
-0.82884619
],
[
-0.855520881,
-0.004009198,
-0.517752787
],
[
-0.132840457,
0.968198001,
0.212004822
]
],
"t": [
-259.96555,
-139.02913,
-248.99858
]
},
{
"id": "H167",
"type": "hex",
"R": [
[
-0.614408162,
0.464488451,
-0.637771973
],
[
0.392487764,
-0.521291522,
-0.757765468
],
[
-0.684438431,
-0.715894984,
0.137979732
]
],
"t": [
-199.13571,
-208.46356,
-272.65481
]
},
{
"id": "H168",
"type": "hex",
"R": [
[
0.892429054,
0.272045325,
-0.359946836
],
[
-0.346362354,
-0.098176121,
-0.932949393
],
[
-0.289142705,
0.957263177,
0.006611037
]
],
"t": [
-120.70848,
-260.33996,
-292.23136
]
},
{
"id": "H169",
"type": "hex",
"R": [
[
-0.83203444,
0.554400973,
-0.018927567
],
[
0.100759095,
0.117488174,
-0.987949459
],
[
-0.545496376,
-0.823915099,
-0.153615147
]
],
"t": [
-27.72743,
-278.00064,
-330.793
]
},
{
"id": "H170",
"type": "hex",
"R": [
[
0.322084076,
-0.134910866,
-0.937049042
],
[
0.932923308,
0.213540475,
0.289921657
],
[
0.160984316,
-0.96757404,
0.194639478
]
],
"t": [
-275.73755,
73.86259,
-128.95421
]
},
{
"id": "H171",
"type": "hex",
"R": [
[
-0.841843798,
0.43196431,
0.32358284
],
[
-0.093546169,
0.473683556,
-0.875712854
],
[
-0.531552569,
-0.76748337,
-0.358358957
]
],
"t": [
57.91924,
-259.81314,
-376.976
]
},
{
"id": "H172",
