{
"description": "HIV-1 CA pseudo-atomic capsid -- per-capsomer instance transforms",
"frame": "Angstrom; world = R @ canonical_template + t",
"hexamer_template": "RCSB 3H47 (canonical: centroid origin, axis +z, NTD out)",
"pentamer_template": "RCSB 3P05 (canonical)",
"spacing_A": 95.5,
"azimuth_deg": 30.0,
"cage": "cage_6_best.json",
"mesh_surface_obj": "cage_6_surface.obj",
"n_capsomers": 225,
"capsomers": [
{
"id": "P001",
"type": "pent",
"R": [
[
0.062735737,
0.623993711,
-0.778906975
],
[
-0.402396036,
-0.698382498,
-0.591894685
],
[
-0.913313559,
0.350562028,
0.207279055
]
],
"t": [
-357.91182,
-193.86163,
114.59297
]
},
{
"id": "P002",
"type": "pent",
"R": [
[
-0.333265782,
0.309335213,
-0.890643388
],
[
-0.884004964,
-0.430974516,
0.181097186
],
[
-0.327824867,
0.847686671,
0.417082923
]
],
"t": [
-411.69307,
35.30287,
159.38265
]
},
{
"id": "P003",
"type": "pent",
"R": [
[
-0.510823077,
-0.295944029,
-0.8071412
],
[
-0.195318883,
0.954278788,
-0.226279759
],
[
0.837203869,
0.042060995,
-0.545271084
]
],
"t": [
-371.6691,
-47.59454,
-133.70442
]
},
{
"id": "P004",
"type": "pent",
"R": [
[
0.992936264,
-0.076567714,
0.090636415
],
[
0.118117448,
0.565675616,
-0.816124602
],
[
0.011217985,
0.821065456,
0.570723816
]
],
"t": [
-30.21343,
-242.66699,
303.06693
]
},
{
"id": "P005",
"type": "pent",
"R": [
[
0.881599868,
0.444307199,
-0.159288374
],
[
-0.410569168,
0.88835487,
0.205568926
],
[
0.232840357,
-0.115830643,
0.965592373
]
],
"t": [
-109.36361,
40.38134,
421.43035
]
},
{
"id": "P006",
"type": "pent",
"R": [
[
-0.265081661,
0.953710294,
0.142015449
],
[
0.465683162,
0.255596218,
-0.847236546
],
[
-0.844316827,
-0.158452668,
-0.511880696
]
],
"t": [
183.25598,
-296.78443,
-290.57631
]
},
{
"id": "P007",
"type": "pent",
"R": [
[
-0.883511891,
-0.348733903,
-0.312716169
],
[
-0.457295495,
0.786738067,
0.414637245
],
[
0.10142765,
0.509340632,
-0.85456688
]
],
"t": [
-79.11079,
192.00768,
-352.83643
]
},
{
"id": "P008",
"type": "pent",
"R": [
[
0.402217279,
0.803239785,
0.439348505
],
[
0.780701061,
-0.050232813,
-0.622882426
],
[
-0.478254235,
0.593533919,
-0.647294658
]
],
"t": [
247.33399,
-248.87809,
-324.04778
]
},
{
"id": "P009",
"type": "pent",
"R": [
[
-0.054473353,
0.024486615,
0.998214937
],
[
-0.658010634,
0.751045992,
-0.054331605
],
[
-0.751035724,
-0.659795668,
-0.02479954
]
],
"t": [
414.47192,
-41.85103,
-82.26268
]
},
{
"id": "P010",
"type": "pent",
"R": [
[
0.504379086,
-0.789533076,
0.349627314
],
[
-0.535872105,
0.031290114,
0.843719157
],
[
-0.67708406,
-0.612909822,
-0.407306672
]
],
"t": [
124.66398,
269.75971,
-272.24912
]
},
{
"id": "P011",
"type": "pent",
"R": [
[
0.345057676,
0.933176332,
0.100583965
],
[
-0.418548339,
0.057067491,
0.906399795
],
[
0.840090762,
-0.354859459,
0.41027098
]
],
"t": [
113.58435,
314.19473,
217.60331
]
},
{
"id": "P012",
"type": "pent",
"R": [
[
-0.598741734,
-0.219626487,
0.770241872
],
[
0.592550216,
-0.768483674,
0.241489305
],
[
0.538880856,
0.600996713,
0.59026297
]
],
"t": [
303.05843,
178.30279,
217.76701
]
},
{
"id": "H001",
"type": "hex",
"R": [
[
-0.40970478,
0.815668911,
-0.408443658
],
[
0.37835106,
-0.25547602,
-0.88970921
],
[
-0.830055702,
-0.519053207,
-0.203939451
]
],
"t": [
-264.79481,
-255.57311,
15.46788
]
},
{
"id": "H002",
"type": "hex",
"R": [
[
0.687103208,
0.132073524,
-0.714454873
],
[
-0.691495864,
-0.182919646,
-0.698837515
],
[
-0.222985766,
0.974216089,
-0.03435638
]
],
"t": [
-337.25607,
-197.16131,
35.52839
]
},
{
"id": "H003",
"type": "hex",
"R": [
[
-0.547038662,
0.597249807,
-0.586550399
],
[
0.277790644,
-0.531464016,
-0.800236439
],
[
-0.789671489,
-0.600698484,
0.124820955
]
],
"t": [
-289.76567,
-250.06649,
105.81021
]
},
{
"id": "H004",
"type": "hex",
"R": [
[
0.450849818,
-0.167943835,
-0.876658035
],
[
-0.672030618,
0.582524227,
-0.457209332
],
[
0.587460033,
0.795273785,
0.149767542
]
],
"t": [
-400.44633,
-130.32126,
72.46673
]
},
{
"id": "H005",
"type": "hex",
"R": [
[
-0.403959714,
-0.728746614,
-0.55294206
],
[
-0.103134957,
0.636883723,
-0.764030303
],
[
0.908944294,
-0.251609807,
-0.332434617
]
],
"t": [
-321.63797,
-206.2886,
-57.94098
]
},
{
"id": "H006",
"type": "hex",
"R": [
[
0.424704524,
0.864177238,
-0.269858792
],
[
-0.120472859,
-0.241479746,
-0.962898656
],
[
-0.897280534,
0.441458076,
0.001552362
]
],
"t": [
-204.55347,
-294.91065,
89.63746
]
},
{
"id": "H007",
"type": "hex",
"R": [
[
0.346714224,
0.617754783,
-0.705810368
],
[
-0.770891708,
-0.24099761,
-0.589615236
],
[
-0.534336244,
0.748531349,
0.39266474
]
],
"t": [
-310.36777,
-200.62977,
191.40018
]
},
{
"id": "H008",
"type": "hex",
"R": [
[
-0.528434204,
0.004552931,
-0.84896205
],
[
0.818548012,
0.26804579,
-0.508065553
],
[
0.225247516,
-0.963395415,
-0.145371356
]
],
"t": [
-401.82712,
-147.55777,
-20.85727
]
},
{
"id": "H009",
"type": "hex",
"R": [
[
0.146538154,
0.521258355,
-0.840723675
],
[
-0.820164692,
-0.411137128,
-0.397864474
],
[
-0.553042898,
0.747834199,
0.367270422
]
],
"t": [
-380.20673,
-122.9485,
168.41868
]
},
{
"id": "H010",
"type": "hex",
"R": [
[
-0.942037323,
0.000966612,
-0.335506702
],
[
0.307028829,
0.405672625,
-0.860908253
],
[
0.13527372,
-0.914017936,
-0.382455531
]
],
"t": [
-228.72505,
-235.84119,
-68.65907
]
},
{
"id": "H011",
"type": "hex",
"R": [
[
-0.968221719,
-0.099365299,
-0.229506516
],
[
0.198779217,
0.251134994,
-0.947321507
],
[
0.151768002,
-0.962838383,
-0.223402599
]
],
"t": [
-174.06581,
-271.7507,
4.60784
]
},
{
"id": "H012",
"type": "hex",
"R": [
[
0.219678039,
0.87461705,
-0.432188124
],
[
-0.475272912,
-0.290936392,
-0.830344311
],
[
-0.851972545,
0.387815718,
0.351769456
]
],
"t": [
-234.3124,
-253.96686,
186.31319
]
},
{
"id": "H013",
"type": "hex",
"R": [
[
0.12916401,
-0.054796907,
-0.990108053
],
[
-0.818088054,
0.558382367,
-0.137626555
],
[
0.560400388,
0.827771968,
0.02729421
]
],
"t": [
-430.82604,
-48.79956,
27.00994
]
},
{
"id": "H014",
"type": "hex",
"R": [
[
0.261298095,
0.220895169,
-0.93964282
],
[
-0.861721197,
0.492004863,
-0.123966903
],
[
0.434925147,
0.842102452,
0.318909983
]
],
"t": [
-420.72732,
-47.61931,
124.3168
]
},
{
"id": "H015",
"type": "hex",
"R": [
[
0.702241193,
0.002003015,
-0.711936299
],
[
-0.52879047,
-0.668102324,
-0.523469123
],
[
-0.476694813,
0.744066712,
-0.468109798
]
],
"t": [
-364.78431,
-131.85674,
-108.77339
]
},
{
"id": "H016",
"type": "hex",
"R": [
[
-0.378427676,
0.811895564,
-0.444542559
],
[
0.68893851,
-0.073692007,
-0.721063948
],
[
-0.618187854,
-0.579133042,
-0.531459026
]
],
"t": [
-277.60375,
-178.23732,
-137.16589
]
},
{
"id": "H017",
"type": "hex",
"R": [
[
-0.601539862,
0.789395337,
-0.122494066
],
[
0.103635456,
-0.074927499,
-0.991789071
],
[
-0.792091842,
-0.609295389,
-0.036737468
]
],
"t": [
-116.30182,
-294.58435,
79.59903
]
},
{
"id": "H018",
"type": "hex",
"R": [
[
-0.565118608,
0.803855925,
-0.185624922
],
[
-0.075090442,
-0.274180291,
-0.958742193
],
[
-0.821585288,
-0.527864396,
0.215306281
]
],
"t": [
-149.45538,
-293.4729,
167.04745
]
},
{
"id": "H019",
"type": "hex",
"R": [
[
-0.591253309,
0.564423952,
-0.576060003
],
[
-0.236519405,
-0.804229843,
-0.545227412
],
[
-0.771024056,
-0.186118142,
0.609000773
]
],
"t": [
-256.74542,
-187.37007,
271.37026
]
},
{
"id": "H020",
"type": "hex",
"R": [
[
0.587189562,
0.331106361,
-0.73863184
],
[
-0.732515406,
0.60564182,
-0.310836236
],
[
0.344426477,
0.723578996,
0.598167066
]
],
"t": [
-316.6165,
-116.20034,
239.04933
]
},
{
"id": "H021",
"type": "hex",
"R": [
[
-0.31915615,
-0.165702146,
-0.933103505
],
[
-0.019223384,
0.985525101,
-0.168436151
],
[
0.947507157,
-0.035820026,
-0.317721753
]
],
"t": [
-426.87838,
-47.90703,
-68.8846
]
},
{
"id": "H022",
"type": "hex",
"R": [
[
0.083006244,
-0.538858134,
-0.838297009
],
[
0.968396926,
0.242147895,
-0.059764464
],
[
0.235196423,
-0.806843423,
0.541928347
]
],
"t": [
-358.28715,
-39.02846,
194.50532
]
},
{
"id": "H023",
"type": "hex",
"R": [
[
0.424986334,
-0.834437912,
-0.350856078
],
[
-0.619583564,
0.014424862,
-0.784798146
],
[
0.659926377,
0.550913146,
-0.510873646
]
],
"t": [
-190.19569,
-206.86663,
-151.59635
]
},
{
"id": "H024",
"type": "hex",
"R": [
[
0.427222579,
0.859644906,
-0.280163352
],
[
0.197622634,
-0.391156128,
-0.898856039
],
[
-0.882284627,
0.328644976,
-0.33699602
]
],
"t": [
-139.30838,
-256.36,
-81.45274
]
},
{
"id": "H025",
"type": "hex",
"R": [
[
0.980665079,
0.098665533,
-0.169000341
],
[
-0.149683266,
-0.178113062,
-0.972558819
],
[
-0.126059203,
0.979050994,
-0.159900681
]
],
"t": [
-84.20711,
-291.64247,
-9.77502
]
},
{
"id": "H026",
"type": "hex",
"R": [
[
0.899654855,
0.273608379,
-0.340234619
],
[
-0.432198991,
0.44771686,
-0.782785823
],
[
-0.061847985,
0.851286126,
0.521043913
]
],
"t": [
-180.40152,
-245.43108,
263.58995
]
},
{
"id": "H027",
"type": "hex",
"R": [
[
-0.155099143,
0.257239263,
-0.953819803
],
[
0.018843736,
0.966098139,
0.257486504
],
[
0.987719175,
0.021962408,
-0.154688342
]
],
"t": [
-410.41282,
36.97349,
-27.03568
]
},
{
"id": "H028",
"type": "hex",
"R": [
[
-0.287065136,
0.0350729,
-0.957268771
],
[
-0.849728176,
-0.470660976,
0.237571616
],
[
-0.442216729,
0.881616774,
0.164912789
]
],
"t": [
-417.26335,
35.75026,
70.59631
]
},
{
"id": "H029",
"type": "hex",
"R": [
[
-0.450316922,
-0.657487163,
-0.604090473
],
[
-0.493125573,
0.747166453,
-0.445611334
],
[
0.744339868,
0.097226136,
-0.660685431
]
],
"t": [
-316.53097,
-97.54211,
-186.28599
]
},
{
"id": "H030",
"type": "hex",
"R": [
[
-0.906877589,
0.033096252,
-0.420092461
],
[
0.304654559,
0.740241379,
-0.599356572
],
[
0.291133367,
-0.671526127,
-0.681391241
]
],
"t": [
-232.03754,
-136.51876,
-212.42503
]
},
{
"id": "H031",
"type": "hex",
"R": [
[
0.38649422,
0.922273223,
-0.005858325
],
[
-0.017309809,
0.000902874,
-0.999849766
],
[
-0.922129377,
0.386537562,
0.016313328
]
],
"t": [
-22.89847,
-300.59131,
66.37592
]
},
{
"id": "H032",
"type": "hex",
"R": [
[
-0.992707299,
-0.120503284,
0.003343224
],
[
0.015261955,
-0.153141456,
-0.988086417
],
[
0.119579644,
-0.980829574,
0.153863757
]
],
"t": [
-56.63099,
-296.84371,
154.63081
]
},
{
"id": "H033",
"type": "hex",
"R": [
[
-0.726128004,
0.683695646,
-0.072790008
],
[
-0.234331833,
-0.345614772,
-0.908646808
],
[
-0.646395168,
-0.642736877,
0.411172219
]
],
"t": [
-91.71094,
-281.31759,
248.45623
]
},
{
"id": "H034",
"type": "hex",
"R": [
[
0.744134637,
-0.469545458,
-0.475174394
],
[
0.218745513,
0.843360412,
-0.490809144
],
[
0.631200477,
0.261285818,
0.730284656
]
],
"t": [
-189.92351,
-165.57113,
334.83115
]
},
{
"id": "H035",
"type": "hex",
"R": [
[
-0.004716044,
-0.764010678,
-0.645186362
],
[
0.953524359,
0.190949719,
-0.233086897
],
[
0.301279033,
-0.616300161,
0.727602265
]
],
"t": [
-261.58333,
-97.74257,
312.40718
]
},
{
"id": "H036",
"type": "hex",
"R": [
[
-0.66301506,
0.194877248,
-0.722795883
],
[
-0.312360265,
-0.949472917,
0.030532674
],
[
-0.680324992,
0.246016336,
0.690386752
]
],
"t": [
-319.74651,
-22.6723,
274.94334
]
},
{
"id": "H037",
"type": "hex",
"R": [
[
0.40118275,
-0.230064778,
-0.88663555
],
[
-0.202357895,
-0.966289734,
0.159171078
],
[
-0.893366489,
0.115561013,
-0.434214197
]
],
"t": [
-398.32435,
36.59336,
-119.37648
]
},
{
"id": "H038",
"type": "hex",
"R": [
[
0.29931109,
0.573860966,
-0.762296834
],
[
-0.627248309,
0.720371519,
0.296014244
],
[
0.719007948,
0.389549055,
0.575568505
]
],
"t": [
-350.26322,
56.05554,
209.59637
]
},
{
"id": "H039",
"type": "hex",
"R": [
[
-0.912903372,
0.084845939,
-0.399260066
],
[
0.350657396,
0.66367551,
-0.660737624
],
[
0.208918223,
-0.7431931,
-0.635623467
]
],
"t": [
-144.62017,
-171.08449,
-225.82837
]
},
{
"id": "H040",
"type": "hex",
"R": [
[
-0.932416141,
0.004487667,
-0.361358549
],
[
0.319528307,
0.477360112,
-0.818552982
],
[
0.168824764,
-0.878696298,
-0.446532211
]
],
"t": [
-102.36794,
-230.75957,
-165.32293
]
},
{
"id": "H041",
"type": "hex",
"R": [
[
-0.425980841,
-0.866155125,
-0.261372574
],
[
-0.115029409,
0.338401141,
-0.933944807
],
[
0.897389859,
-0.367777062,
-0.243785714
]
],
"t": [
-50.55452,
-281.5292,
-97.25406
]
},
{
"id": "H042",
"type": "hex",
"R": [
[
-0.60563776,
0.791821389,
-0.078878335
],
[
0.086106917,
-0.033330475,
-0.995728215
],
[
-0.791067951,
-0.609842576,
-0.047995104
]
],
"t": [
8.64662,
-299.53482,
-21.90115
]
},
{
"id": "H043",
"type": "hex",
"R": [
[
-0.87501781,
-0.452041502,
-0.173211756
],
[
0.424996706,
-0.546027418,
-0.72196389
],
[
0.231779274,
-0.705345688,
0.669899865
]
],
"t": [
-112.51026,
-223.32441,
331.59711
]
},
{
"id": "H044",
"type": "hex",
"R": [
[
-0.608684069,
0.142678231,
-0.78047846
],
[
-0.611016048,
0.543214956,
0.575827145
],
[
0.506125571,
0.827381674,
-0.243467601
]
],
"t": [
-369.42735,
115.64582,
-70.67503
]
},
{
"id": "H045",
"type": "hex",
"R": [
[
-0.541851629,
0.279386921,
-0.792678851
],
[
-0.692414427,
0.386202103,
0.609434326
],
[
0.476402219,
0.879085254,
-0.015812704
]
],
"t": [
-378.624,
116.02797,
24.66798
]
},
{
"id": "H046",
"type": "hex",
"R": [
[
-0.362147745,
0.479361452,
-0.799413291
],
[
-0.824196294,
0.235901292,
0.514831089
],
[
0.435372807,
0.845318389,
0.309656811
]
],
"t": [
-369.70428,
104.81853,
121.39698
]
},
{
"id": "H047",
"type": "hex",
"R": [
[
-0.250867863,
-0.736364865,
-0.628356667
],
[
0.37813852,
-0.672085897,
0.636641034
],
[
-0.891109744,
-0.077893085,
0.447052673
]
],
"t": [
-317.90546,
145.67297,
185.81216
]
},
{
"id": "H048",
"type": "hex",
"R": [
[
-0.098351565,
0.665433908,
-0.739949109
],
[
0.99440096,
0.094592892,
-0.047105365
],
[
0.038648419,
-0.740438991,
-0.671011476
]
],
"t": [
-345.99275,
-1.76081,
-204.09599
]
},
{
"id": "H049",
"type": "hex",
"R": [
[
-0.57928021,
-0.612702982,
-0.537614633
],
[
-0.560390737,
0.778308433,
-0.283192876
],
[
0.591943122,
0.137226232,
-0.794211748
]
],
"t": [
-265.406,
-42.19867,
-243.29351
]
},
{
"id": "H050",
"type": "hex",
"R": [
[
-0.611814855,
-0.66579794,
-0.427078078
],
[
-0.503424939,
0.74420542,
-0.439000711
],
[
0.61011959,
-0.053585401,
-0.790495219
]
],
"t": [
-180.52382,
-82.74162,
-272.22273
]
},
{
"id": "H051",
"type": "hex",
"R": [
[
-0.369023952,
-0.915662005,
0.159324871
],
[
0.062214751,
-0.195376061,
-0.978753043
],
[
0.92733524,
-0.351270959,
0.12906613
]
],
"t": [
70.85412,
-297.60805,
53.79399
]
},
{
"id": "H052",
"type": "hex",
"R": [
[
-0.398597566,
-0.892898893,
0.209407612
],
[
0.098638142,
-0.2687431,
-0.958148038
],
[
0.911806173,
-0.361259898,
0.195194233
]
],
"t": [
38.14291,
-291.58585,
140.95043
]
},
{
"id": "H053",
"type": "hex",
"R": [
[
-0.324937525,
-0.927995138,
0.182320126
],
[
0.302808252,
-0.284720303,
-0.909528181
],
[
0.895947971,
-0.240331797,
0.373520897
]
],
"t": [
7.37876,
-278.15564,
230.96067
]
},
{
"id": "H054",
"type": "hex",
"R": [
[
-0.065084427,
0.973711552,
-0.218288414
],
[
-0.899333916,
-0.152023955,
-0.409984421
],
[
-0.432391634,
0.169630573,
0.885586215
]
],
"t": [
-107.92077,
-141.723,
383.27114
]
},
{
"id": "H055",
"type": "hex",
"R": [
[
-0.804084051,
0.300228763,
-0.513138899
],
[
-0.245399515,
-0.953770538,
-0.173495934
],
[
-0.541505233,
-0.013581277,
0.84058767
]
],
"t": [
-189.01039,
-73.29942,
365.90904
]
},
{
"id": "H056",
"type": "hex",
"R": [
[
0.501730265,
0.569138556,
-0.651420022
],
[
-0.685892255,
0.720616019,
0.101313217
],
[
0.527084961,
0.395972041,
0.751922593
]
],
"t": [
-245.66166,
-4.06103,
326.77238
]
},
{
"id": "H057",
"type": "hex",
"R": [
[
0.753495733,
-0.020937914,
-0.657119308
],
[
0.351776444,
0.857225383,
0.376055816
],
[
0.555425526,
-0.514515546,
0.653281133
]
],
"t": [
-283.39561,
73.74696,
270.94258
]
},
{
"id": "H058",
"type": "hex",
"R": [
[
-0.646163641,
-0.099492299,
-0.756686085
],
[
-0.595310743,
0.686119388,
0.418145077
],
[
0.477574778,
0.720653501,
-0.502574236
]
],
"t": [
-335.79186,
94.2936,
-169.80935
]
},
{
"id": "H059",
"type": "hex",
"R": [
[
0.266948044,
-0.875545703,
-0.402689041
],
[
-0.872196206,
-0.041771385,
-0.487369397
],
[
0.409893302,
0.481326161,
-0.77479843
]
],
"t": [
-97.4527,
-121.58748,
-294.51911
]
},
{
"id": "H060",
"type": "hex",
"R": [
[
0.499645718,
0.755175286,
-0.424340009
],
[
0.365843491,
-0.62800313,
-0.686855596
],
[
-0.785183225,
0.187942428,
-0.590055038
]
],
"t": [
-58.23851,
-194.83772,
-244.68241
]
},
{
"id": "H061",
"type": "hex",
"R": [
[
-0.931391293,
-0.037089339,
-0.362125173
],
[
0.318381987,
0.399270002,
-0.859776934
],
[
0.176474276,
-0.916082882,
-0.360068026
]
],
"t": [
-20.24666,
-264.07119,
-187.55777
]
},
{
"id": "H062",
"type": "hex",
"R": [
[
-0.980369748,
-0.09691509,
-0.171705042
],
[
0.158108148,
0.133881877,
-0.978303356
],
[
0.117800551,
-0.986246981,
-0.115930676
]
],
"t": [
40.0757,
-303.94439,
-108.65555
]
},
{
"id": "H063",
"type": "hex",
"R": [
[
0.614960032,
-0.783200073,
0.091770393
],
[
0.127059936,
-0.016441915,
-0.991758759
],
[
0.778254413,
0.621552338,
0.08940223
]
],
"t": [
102.33179,
-301.71094,
-34.64408
]
},
{
"id": "H064",
"type": "hex",
"R": [
[
-0.915806518,
0.375246872,
0.143137024
],
[
-0.382737752,
-0.707445163,
-0.594165932
],
[
-0.121697312,
-0.598924976,
0.791504035
]
],
"t": [
-22.58123,
-189.63582,
372.75305
]
},
{
"id": "H065",
"type": "hex",
"R": [
[
-0.500946781,
-0.565850094,
-0.65487861
],
[
-0.655360257,
-0.246216218,
0.714059177
],
[
-0.565292187,
0.78688706,
-0.247494441
]
],
"t": [
-299.55804,
168.02209,
-115.51543
]
},
{
"id": "H066",
"type": "hex",
"R": [
[
0.634475049,
0.470695782,
-0.613096153
],
[
0.547602493,
0.286064627,
0.786319616
],
[
0.545502449,
-0.834633159,
-0.076253315
]
],
"t": [
-313.50582,
172.29817,
-16.61939
]
},
{
"id": "H067",
"type": "hex",
"R": [
[
-0.093213255,
-0.792399745,
-0.602838231
],
[
0.117968632,
-0.609999135,
0.783571603
],
[
-0.988632738,
0.001923258,
0.150338319
]
],
"t": [
-323.02942,
178.22622,
79.57525
]
},
{
"id": "H068",
"type": "hex",
"R": [
[
-0.562916401,
0.590712393,
-0.578086493
],
[
-0.759873665,
-0.094732926,
0.643131157
],
[
0.32514172,
0.801301779,
0.502193509
]
],
"t": [
-245.5796,
156.82986,
239.37193
]
},
{
"id": "H069",
"type": "hex",
"R": [
[
-0.657849804,
-0.381514471,
-0.649369188
],
[
-0.592343457,
0.794591137,
0.133244711
],
[
0.465148216,
0.472304597,
-0.748709225
]
],
"t": [
-286.4845,
55.76748,
-248.5728
]
},
{
"id": "H070",
"type": "hex",
"R": [
[
-0.695047466,
-0.519554289,
-0.496963138
],
[
-0.531603992,
0.836754708,
-0.131296438
],
[
0.484051873,
0.172930331,
-0.857781374
]
],
"t": [
-210.15525,
11.11047,
-296.57934
]
},
{
"id": "H071",
"type": "hex",
"R": [
[
-0.713430824,
-0.592970448,
-0.373366452
],
[
-0.527894862,
0.805212242,
-0.270111567
],
[
0.460807415,
0.004392313,
-0.887489287
]
],
"t": [
-121.54009,
-32.03244,
-325.96652
]
},
{
"id": "H072",
"type": "hex",
"R": [
[
0.403343504,
0.842008245,
0.358240329
],
[
-0.098782183,
0.429277282,
-0.897754474
],
[
-0.909701104,
0.326715674,
0.256321616
]
],
"t": [
161.06847,
-272.85766,
37.98995
]
},
{
"id": "H073",
"type": "hex",
"R": [
[
-0.466306608,
0.780225186,
0.416901435
],
[
-0.486043426,
0.167798302,
-0.857674482
],
[
-0.739134585,
-0.602571481,
0.300977866
]
],
"t": [
129.3885,
-265.24163,
126.88461
]
},
{
"id": "H074",
"type": "hex",
"R": [
[
-0.367235931,
0.81237258,
0.45297744
],
[
-0.582053379,
0.179150869,
-0.793170114
],
[
-0.725500955,
-0.554937615,
0.407053569
]
],
"t": [
101.25148,
-250.7802,
211.66275
]
},
{
"id": "H075",
"type": "hex",
"R": [
[
-0.301313857,
0.876777319,
0.374795267
],
[
-0.708366804,
0.057293355,
-0.703515417
],
[
-0.63829964,
-0.477471469,
0.603816666
]
],
"t": [
58.17004,
-218.38165,
298.07952
]
},
{
"id": "H076",
"type": "hex",
"R": [
[
0.096697153,
-0.973436778,
0.207534332
],
[
0.978115696,
0.054343465,
-0.200839421
],
[
0.184226344,
0.222413188,
0.95738865
]
],
"t": [
-22.84983,
-96.33179,
401.02243
]
},
{
"id": "H077",
"type": "hex",
"R": [
[
0.107033306,
-0.978706855,
-0.175147831
],
[
0.992038946,
0.116880704,
-0.0468789
],
[
0.066352103,
-0.168735866,
0.983425445
]
],
"t": [
-108.43718,
-47.84616,
409.36097
]
},
{
"id": "H078",
"type": "hex",
"R": [
[
-0.702027473,
-0.545047473,
-0.458345588
],
[
0.535293957,
-0.828359662,
0.165168551
],
[
-0.469699698,
-0.129396763,
0.873291859
]
],
"t": [
-178.88491,
23.7349,
383.6728
]
},
{
"id": "H079",
"type": "hex",
"R": [
[
0.806659377,
0.034146166,
-0.590029396
],
[
0.266040458,
0.870487419,
0.414094348
],
[
0.5277529,
-0.491004779,
0.693102578
]
],
"t": [
-211.25296,
86.26244,
323.58245
]
},
{
"id": "H080",
"type": "hex",
"R": [
[
0.419647971,
-0.592765743,
-0.687404069
],
[
-0.28084113,
-0.804945759,
0.522676367
],
[
-0.863147635,
-0.026288741,
-0.504266856
]
],
"t": [
-267.35861,
146.61375,
-204.91802
]
},
{
"id": "H081",
"type": "hex",
"R": [
[
-0.678349964,
0.509986411,
-0.528918885
],
[
-0.590285804,
0.05036982,
0.80562122
],
[
0.437497424,
0.858706435,
0.266869373
]
],
"t": [
-254.47291,
195.9652,
143.78269
]
},
{
"id": "H082",
"type": "hex",
"R": [
[
0.909745159,
-0.287618585,
-0.299398222
],
[
-0.369396775,
-0.889930768,
-0.267524299
],
[
-0.189498729,
0.353975673,
-0.915855586
]
],
"t": [
-30.86512,
-71.00206,
-345.633
]
},
{
"id": "H083",
"type": "hex",
"R": [
[
-0.862443854,
0.304622208,
-0.404222598
],
[
0.482257403,
0.737031336,
-0.473510935
],
[
0.153682775,
-0.603315937,
-0.782554461
]
],
"t": [
-13.98642,
-161.32928,
-319.73044
]
},
{
"id": "H084",
"type": "hex",
"R": [
[
0.29865012,
-0.851112712,
-0.431758331
],
[
-0.68540824,
0.123526126,
-0.717604934
],
[
0.664096116,
0.510243518,
-0.546468574
]
],
"t": [
11.15364,
-241.51052,
-270.69342
]
},
{
"id": "H085",
"type": "hex",
"R": [
[
0.309270223,
0.912599163,
-0.267422318
],
[
0.161537585,
-0.327536439,
-0.930927221
],
[
-0.937153956,
0.244709314,
-0.248716332
]
],
"t": [
70.63904,
-293.13293,
-197.66973
]
},
{
"id": "H086",
"type": "hex",
"R": [
[
0.414203064,
0.909715346,
0.029220043
],
[
-0.014945154,
0.038896774,
-0.999131464
],
[
-0.910061791,
0.413406616,
0.029706999
]
],
"t": [
135.42584,
-311.65899,
-119.97226
]
},
{
"id": "H087",
"type": "hex",
"R": [
[
-0.94389174,
-0.045849254,
0.327056919
],
[
-0.307951476,
-0.235569626,
-0.921777001
],
[
0.119307464,
-0.970775359,
0.208232879
]
],
"t": [
197.94685,
-285.78227,
-47.37237
]
},
{
"id": "H088",
"type": "hex",
"R": [
[
-0.066230802,
0.856717908,
0.511515305
],
[
-0.9389019,
0.120017657,
-0.322581749
],
[
-0.337752429,
-0.50162754,
0.796425205
]
],
"t": [
58.48978,
-138.23689,
354.11982
]
},
{
"id": "H089",
"type": "hex",
"R": [
[
0.671552751,
0.526813347,
-0.521041841
],
[
0.463823755,
0.249499204,
0.850069216
],
[
0.577827333,
-0.812537904,
-0.076796668
]
],
"t": [
-241.60772,
217.66657,
-56.90382
]
},
{
"id": "H090",
"type": "hex",
"R": [
[
-0.78415689,
0.230443129,
-0.57618915
],
[
-0.460984524,
0.405276245,
0.789458317
],
[
0.41544102,
0.884673459,
-0.211569443
]
],
"t": [
-226.53827,
216.88528,
-151.48775
]
},
{
"id": "H091",
"type": "hex",
"R": [
[
-0.779202291,
0.37325707,
-0.503510626
],
[
-0.482255028,
0.156082821,
0.862014061
],
[
0.400342201,
0.914503862,
0.058385007
]
],
"t": [
-248.82702,
210.4229,
40.38695
]
},
{
"id": "H092",
"type": "hex",
"R": [
[
-0.273272697,
-0.838068038,
-0.472190635
],
[
0.525288537,
-0.541235269,
0.656609729
],
[
-0.805849853,
-0.068602816,
0.588132355
]
],
"t": [
-169.43776,
167.6587,
293.62951
]
},
{
"id": "H093",
"type": "hex",
"R": [
[
0.814326606,
0.304271452,
-0.494258092
],
[
0.285418839,
0.531560036,
0.797483552
],
[
0.505379327,
-0.790482645,
0.346018675
]
],
"t": [
-182.31478,
217.4984,
202.50032
]
},
{
"id": "H094",
"type": "hex",
"R": [
[
0.001081693,
0.804566785,
-0.593861194
],
[
0.963365042,
0.158430237,
0.216396985
],
[
0.268191397,
-0.572339189,
-0.774920142
]
],
"t": [
-213.62666,
103.70154,
-276.6704
]
},
{
"id": "H095",
"type": "hex",
"R": [
[
-0.85681811,
0.308418124,
-0.413208165
],
[
0.347186303,
0.937580584,
-0.020107702
],
[
0.381214373,
-0.160688858,
-0.910414572
]
],
"t": [
-137.59407,
61.14963,
-328.70494
]
},
{
"id": "H096",
"type": "hex",
"R": [
[
0.803354862,
0.542054292,
-0.246572727
],
[
0.526666663,
-0.839974057,
-0.130636174
],
[
-0.277926593,
-0.02491443,
-0.960279168
]
],
"t": [
-47.02829,
18.75426,
-366.31345
]
},
{
"id": "H097",
"type": "hex",
"R": [
[
0.444572728,
-0.703870168,
0.554005303
],
[
0.616281049,
-0.20848419,
-0.75942874
],
[
0.650040581,
0.679044276,
0.341095461
]
],
"t": [
246.84338,
-236.45793,
18.05253
]
},
{
"id": "H098",
"type": "hex",
"R": [
[
0.814415269,
-0.030761429,
0.579466569
],
[
0.520348424,
0.480698615,
-0.70580901
],
[
-0.256837083,
0.876346151,
0.407494953
]
],
"t": [
207.91354,
-218.44376,
103.0542
]
},
{
"id": "H099",
"type": "hex",
"R": [
[
0.505842532,
0.589308514,
0.629951433
],
[
-0.149568042,
0.779128332,
-0.608759758
],
[
-0.849560318,
0.213715975,
0.482257968
]
],
"t": [
176.80985,
-198.18228,
189.94891
]
},
{
"id": "H100",
"type": "hex",
"R": [
[
-0.127109386,
0.761303863,
0.63581415
],
[
-0.847777973,
0.24936728,
-0.468068871
],
[
-0.514893885,
-0.598525177,
0.613719724
]
],
"t": [
141.39544,
-172.17988,
274.01147
]
},
{
"id": "H101",
"type": "hex",
"R": [
[
-0.678168636,
0.547072637,
0.490712575
],
[
-0.646445246,
-0.761677023,
-0.044234107
],
[
0.349565224,
-0.347216995,
0.870197973
]
],
"t": [
54.9939,
-42.9898,
371.50321
]
},
{
"id": "H102",
"type": "hex",
"R": [
[
-0.762659072,
0.620424379,
0.182824311
],
[
-0.615857287,
-0.782941166,
0.087880218
],
[
0.197663709,
-0.045571039,
0.979210058
]
],
"t": [
-22.34364,
-0.07632,
412.26082
]
},
{
"id": "H103",
"type": "hex",
"R": [
[
-0.403889487,
0.84908107,
-0.340491732
],
[
-0.869153546,
-0.240049951,
0.432374993
],
[
0.285386398,
0.47057131,
0.834935474
]
],
"t": [
-141.49145,
113.65622,
374.70206
]
},
{
"id": "H104",
"type": "hex",
"R": [
[
-0.794417332,
0.079306002,
-0.602172451
],
[
-0.39726871,
0.682104611,
0.613930673
],
[
0.459432993,
0.72694144,
-0.510369932
]
],
"t": [
-199.68693,
196.167,
-244.40817
]
},
{
"id": "H105",
"type": "hex",
"R": [
[
-0.759129587,
0.462189508,
-0.458370079
],
[
-0.466927448,
0.103991361,
0.878159755
],
[
0.453542753,
0.880662623,
0.136866049
]
],
"t": [
-184.22984,
241.34157,
102.14029
]
},
{
"id": "H106",
"type": "hex",
"R": [
[
0.904134962,
-0.3734877,
-0.207477491
],
[
-0.409914826,
-0.89521999,
-0.174788457
],
[
-0.120456658,
0.243080454,
-0.962497837
]
],
"t": [
58.45987,
-100.89287,
-352.59185
]
},
{
"id": "H107",
"type": "hex",
"R": [
[
-0.815891475,
-0.570529082,
-0.093902438
],
[
-0.563171691,
0.820920656,
-0.094482392
],
[
0.130991404,
-0.024204183,
-0.991087993
]
],
"t": [
42.33627,
-14.6939,
-377.07613
]
},
{
"id": "H108",
"type": "hex",
"R": [
[
-0.260051409,
0.90372865,
-0.340070275
],
[
0.889067399,
0.086689722,
-0.449493107
],
[
-0.376739201,
-0.41923671,
-0.826019464
]
],
"t": [
72.82452,
-192.34446,
-341.23535
]
},
{
"id": "H109",
"type": "hex",
"R": [
[
-0.96156759,
-0.018116127,
-0.273970026
],
[
0.219996121,
0.546199854,
-0.808249606
],
[
0.164284741,
-0.837458969,
-0.5212226
]
],
"t": [
102.48799,
-267.9059,
-283.37906
]
},
{
"id": "H110",
"type": "hex",
"R": [
[
-0.973826302,
-0.226126898,
0.02299912
],
[
-0.05923822,
0.154810297,
-0.986166622
],
[
0.219438298,
-0.961717421,
-0.164153693
]
],
"t": [
165.53674,
-301.99887,
-209.56296
]
},
{
"id": "H111",
"type": "hex",
"R": [
[
0.612814523,
-0.69746029,
0.371493612
],
[
0.316346768,
-0.214271333,
-0.924127977
],
[
0.724142998,
0.683839849,
0.089330724
]
],
"t": [
231.92731,
-289.72265,
-138.45296
]
},
{
"id": "H112",
"type": "hex",
"R": [
[
-0.350504417,
-0.707411401,
0.613771752
],
[
-0.021049387,
-0.649230452,
-0.76030043
],
[
0.936324504,
-0.279408178,
0.212667565
]
],
"t": [
285.58578,
-247.31036,
-71.40006
]
},
{
"id": "H113",
"type": "hex",
"R": [
[
0.004429125,
0.779002538,
0.627005126
],
[
-0.966913018,
0.163268179,
-0.196017133
],
[
-0.255067829,
-0.605391235,
0.753950831
]
],
"t": [
124.12035,
-81.96144,
316.16491
]
},
{
"id": "H114",
"type": "hex",
"R": [
[
0.854843435,
-0.316505833,
-0.411177284
],
[
0.360980619,
-0.206484963,
0.909426717
],
[
-0.372740787,
-0.925844489,
-0.062259843
]
],
"t": [
-163.25494,
255.98935,
-92.9185
]
},
{
"id": "H115",
"type": "hex",
"R": [
[
-0.804402878,
0.421979445,
-0.418173837
],
[
-0.372846816,
0.18941822,
0.90835345
],
[
0.462516228,
0.886596913,
0.004965132
]
],
"t": [
-177.26547,
257.11373,
3.23767
]
},
{
"id": "H116",
"type": "hex",
"R": [
[
0.647683077,
0.627451605,
-0.432216514
],
[
0.450297968,
0.142368066,
0.881455089
],
[
0.61460424,
-0.765529762,
-0.190330796
]
],
"t": [
-146.78885,
256.09572,
-188.29962
]
},
{
"id": "H117",
"type": "hex",
"R": [
[
0.954968907,
0.231713685,
-0.185319061
],
[
-0.076451094,
0.795662655,
0.600896139
],
[
0.286687315,
-0.559669284,
0.777547861
]
],
"t": [
-81.45821,
168.76582,
331.17693
]
},
{
"id": "H118",
"type": "hex",
"R": [
[
-0.655316867,
0.650819494,
-0.383397692
],
[
-0.610615105,
-0.157647405,
0.776077631
],
[
0.4446448,
0.742685183,
0.500709217
]
],
"t": [
-110.80916,
233.77615,
260.54422
]
},
{
"id": "H119",
"type": "hex",
"R": [
[
-0.086698408,
-0.901920443,
-0.423110978
],
[
0.192400242,
-0.431873143,
0.881174067
],
[
-0.977479173,
-0.005010266,
0.210972425
]
],
"t": [
-115.02692,
269.55113,
159.90715
]
},
{
"id": "H120",
"type": "hex",
"R": [
[
0.11991841,
0.882323766,
-0.455109158
],
[
0.945524908,
0.03824972,
0.323294923
],
[
0.302658592,
-0.469086058,
-0.829672253
]
],
"t": [
-149.84854,
155.0406,
-319.90456
]
},
{
"id": "H121",
"type": "hex",
"R": [
[
0.836586097,
-0.472196637,
-0.277766158
],
[
-0.457704553,
-0.88106861,
0.11926712
],
[
-0.301048576,
0.02735762,
-0.953216301
]
],
"t": [
-61.51288,
110.8418,
-357.86218
]
},
{
"id": "H122",
"type": "hex",
"R": [
[
-0.153316293,
0.986511743,
-0.057347148
],
[
0.988120406,
0.153671118,
0.001803137
],
[
0.010591416,
-0.056389437,
-0.99835267
]
],
"t": [
29.2117,
79.76057,
-380.5923
]
},
{
"id": "H123",
"type": "hex",
"R": [
[
-0.479586622,
-0.564055432,
0.672189067
],
[
0.12803001,
-0.802813891,
-0.582321366
],
[
0.86810425,
-0.193213164,
0.457234824
]
],
"t": [
283.23217,
-169.33821,
79.40625
]
},
{
"id": "H124",
"type": "hex",
"R": [
[
-0.689174221,
0.049730004,
0.722887142
],
[
-0.673764526,
-0.411054818,
-0.614064573
],
[
0.266608809,
-0.910253186,
0.316794696
]
],
"t": [
322.21115,
-186.35054,
-7.12353
]
},
{
"id": "H125",
"type": "hex",
"R": [
[
0.716721077,
-0.177637319,
0.6743559
],
[
0.620859134,
0.602895241,
-0.501050162
],
[
-0.317560755,
0.777793232,
0.542395479
]
],
"t": [
241.86371,
-140.14707,
158.70771
]
},
{
"id": "H126",
"type": "hex",
"R": [
[
0.577950853,
0.458562175,
0.675050771
],
[
-0.275631649,
0.888273503,
-0.367419894
],
[
-0.768114578,
0.026285284,
0.639772677
]
],
"t": [
187.71773,
-111.06899,
235.74925
]
},
{
"id": "H127",
"type": "hex",
"R": [
[
0.153207788,
0.914207003,
0.375170534
],
[
-0.980838882,
0.094447606,
0.170395826
],
[
0.120343099,
-0.394087815,
0.911159883
]
],
"t": [
37.38348,
55.97254,
367.44312
]
},
{
"id": "H128",
"type": "hex",
"R": [
[
0.674323227,
-0.517898113,
0.526374135
],
[
0.619331003,
0.784843666,
-0.021202082
],
[
-0.402140887,
0.340296877,
0.849988672
]
],
"t": [
115.62064,
12.53658,
329.14128
]
},
{
"id": "H129",
"type": "hex",
"R": [
[
-0.299255598,
-0.953172797,
0.043677296
],
[
0.8987274,
-0.266194211,
0.34846765
],
[
-0.320523241,
0.143534878,
0.936302617
]
],
"t": [
-51.9513,
90.34909,
381.66052
]
},
{
"id": "H130",
"type": "hex",
"R": [
[
-0.904970408,
0.122077346,
-0.407585184
],
[
-0.235047859,
0.655064593,
0.718082783
],
[
0.354656263,
0.745645694,
-0.564120053
]
],
"t": [
-125.52749,
241.23042,
-282.44882
]
},
{
"id": "H131",
"type": "hex",
"R": [
[
0.771162106,
0.525561368,
-0.35929689
],
[
0.281568519,
0.224610692,
0.932882204
],
[
0.57098877,
-0.820570098,
0.025229718
]
],
"t": [
-106.8054,
279.75504,
61.56902
]
},
{
"id": "H132",
"type": "hex",
"R": [
[
-0.117125609,
0.992022448,
0.046616028
],
[
0.990362272,
0.120165752,
-0.068867709
],
[
-0.073919963,
0.038100583,
-0.996536093
]
],
"t": [
147.16639,
-132.55726,
-373.97873
]
},
{
"id": "H133",
"type": "hex",
"R": [
[
-0.795289129,
-0.591513173,
0.1327681
],
[
-0.593949827,
0.804121187,
0.024753191
],
[
-0.121403481,
-0.059171646,
-0.990837984
]
],
"t": [
133.82652,
-42.76159,
-364.51995
]
},
{
"id": "H134",
"type": "hex",
"R": [
[
0.795312176,
0.569666946,
0.207263391
],
[
0.576168146,
-0.816637513,
0.033666613
],
[
0.188437817,
0.092643096,
-0.977705705
]
],
"t": [
121.18524,
48.05412,
-371.79038
]
},
{
"id": "H135",
"type": "hex",
"R": [
[
0.929634036,
-0.366389778,
0.039231232
],
[
-0.291054607,
-0.795409826,
-0.531611159
],
[
0.225981802,
0.482785397,
-0.84607948
]
],
"t": [
161.68455,
-225.42415,
-349.16812
]
},
{
"id": "H136",
"type": "hex",
"R": [
[
0.816679172,
0.323176461,
0.478113067
],
[
0.537226352,
-0.123170821,
-0.834396066
],
[
-0.210767589,
0.938288828,
-0.274209955
]
],
"t": [
256.82475,
-280.63887,
-238.21136
]
},
{
"id": "H137",
"type": "hex",
"R": [
[
0.59197549,
0.248851492,
0.766575472
],
[
0.741198017,
0.205451994,
-0.639073531
],
[
-0.316528861,
0.946500086,
-0.062825687
]
],
"t": [
310.50244,
-236.60702,
-173.15578
]
},
{
"id": "H138",
"type": "hex",
"R": [
[
0.499720044,
0.182029528,
0.846844218
],
[
0.773542125,
0.346139144,
-0.530867473
],
[
-0.389759488,
0.920354792,
0.03216516
]
],
"t": [
346.42596,
-180.16818,
-107.03297
]
},
{
"id": "H139",
"type": "hex",
"R": [
[
-0.024019176,
-0.789615845,
0.613131223
],
[
0.963926148,
-0.180917323,
-0.19523141
],
[
0.265083875,
0.586323921,
0.765476844
]
],
"t": [
187.41153,
-25.36962,
279.74122
]
},
{
"id": "H140",
"type": "hex",
"R": [
[
-0.749368953,
-0.59599846,
-0.28849958
],
[
-0.250113335,
-0.148643767,
0.956738392
],
[
-0.613098273,
0.789107639,
-0.037678139
]
],
"t": [
-94.66336,
281.64939,
-32.99088
]
},
{
"id": "H141",
"type": "hex",
"R": [
[
-0.155175778,
0.957946779,
-0.241367864
],
[
0.027021779,
0.248351913,
0.968292905
],
[
0.987517241,
0.143733416,
-0.064423627
]
],
"t": [
-78.96376,
283.32878,
-127.27436
]
},
{
"id": "H142",
"type": "hex",
"R": [
[
0.65354681,
0.729062835,
-0.203332116
],
[
0.304065462,
-0.006887614,
0.952626241
],
[
0.693123916,
-0.684412115,
-0.226184205
]
],
"t": [
-57.22814,
281.78402,
-226.42046
]
},
{
"id": "H143",
"type": "hex",
"R": [
[
0.657868184,
-0.741037333,
-0.134436322
],
[
0.620366425,
0.431980226,
0.654628584
],
[
-0.427030387,
-0.514059098,
0.743900727
]
],
"t": [
-16.33992,
227.38896,
295.02177
]
},
{
"id": "H144",
"type": "hex",
"R": [
[
-0.632317486,
0.761212742,
0.143978324
],
[
-0.663474563,
-0.628043905,
0.406647708
],
[
0.399970126,
0.1616045,
0.902168434
]
],
"t": [
12.84501,
152.09785,
349.0059
]
},
{
"id": "H145",
"type": "hex",
"R": [
[
-0.707911628,
0.6367915,
-0.305544943
],
[
-0.474474373,
-0.108304846,
0.873581209
],
[
0.52319709,
0.763391542,
0.378811508
]
],
"t": [
-45.37978,
287.31608,
216.53525
]
},
{
"id": "H146",
"type": "hex",
"R": [
[
-0.836860293,
0.465463363,
-0.288112318
],
[
-0.279377488,
0.089452836,
0.956005444
],
[
0.470757973,
0.880535092,
0.055180458
]
],
"t": [
-40.64348,
311.2862,
116.95788
]
},
{
"id": "H147",
"type": "hex",
"R": [
[
-0.805699049,
-0.579646556,
-0.121897141
],
[
-0.585922569,
0.749754314,
0.30751132
],
[
-0.08685497,
0.319183864,
-0.943704337
]
],
"t": [
10.401,
173.28943,
-373.21134
]
},
{
"id": "H148",
"type": "hex",
"R": [
[
0.281416702,
-0.9297517,
0.237416123
],
[
-0.948982692,
-0.23297609,
0.212494685
],
[
-0.142255015,
-0.285103346,
-0.947881635
]
],
"t": [
102.79649,
144.75325,
-364.71171
]
},
{
"id": "H149",
"type": "hex",
"R": [
[
-0.396904856,
-0.423414257,
0.814362882
],
[
0.13728633,
-0.904646197,
-0.40344482
],
[
0.907534572,
-0.048328316,
0.417187457
]
],
"t": [
349.00962,
-107.93144,
47.15548
]
},
{
"id": "H150",
"type": "hex",
"R": [
[
0.618886567,
-0.261313457,
0.740739289
],
[
0.714077983,
0.580030416,
-0.391991518
],
[
-0.32721866,
0.771543902,
0.54557122
]
],
"t": [
308.31328,
-82.35134,
130.37891
]
},
{
"id": "H151",
"type": "hex",
"R": [
[
0.382622517,
0.012911568,
0.923814538
],
[
0.827134774,
0.440713931,
-0.348739583
],
[
-0.411640712,
0.897554746,
0.157947467
]
],
"t": [
379.92036,
-116.63428,
-42.10711
]
},
{
"id": "H152",
"type": "hex",
"R": [
[
-0.009117131,
-0.731031198,
0.682283127
],
[
0.890037209,
-0.316940768,
-0.327692411
],
[
0.455796714,
0.604269755,
0.653534558
]
],
"t": [
256.20201,
-60.19201,
209.0451
]
},
{
"id": "H153",
"type": "hex",
"R": [
[
0.214778872,
0.908220295,
0.359173959
],
[
-0.973728769,
0.170643595,
0.150774823
],
[
0.075646019,
-0.382121264,
0.921010868
]
],
"t": [
102.39906,
112.34746,
333.16234
]
},
{
"id": "H154",
"type": "hex",
"R": [
[
0.802646233,
0.311983241,
0.508355665
],
[
-0.3336974,
0.941309685,
-0.05081459
],
[
-0.494373411,
-0.128850824,
0.859646669
]
],
"t": [
180.85408,
68.36406,
298.62908
]
},
{
"id": "H155",
"type": "hex",
"R": [
[
0.976422752,
-0.13571833,
-0.16786645
],
[
0.034799137,
-0.66850419,
0.742893779
],
[
-0.213043728,
-0.731219996,
-0.64801982
]
],
"t": [
-23.94015,
256.66156,
-323.37114
]
},
{
"id": "H156",
"type": "hex",
"R": [
[
-0.114667134,
0.974330171,
-0.193732205
],
[
0.049571137,
0.200387658,
0.978461797
],
[
0.992166393,
0.102593884,
-0.071276532
]
],
"t": [
-22.90827,
305.34218,
23.29929
]
},
{
"id": "H157",
"type": "hex",
"R": [
[
-0.79015329,
-0.363731639,
0.493312348
],
[
-0.483611947,
0.864458003,
-0.137229173
],
[
-0.376533215,
-0.347003828,
-0.858959301
]
],
"t": [
242.72854,
-164.33958,
-349.11385
]
},
{
"id": "H158",
"type": "hex",
"R": [
[
0.852190948,
-0.294476872,
0.432497353
],
[
-0.372925579,
-0.921637248,
0.107290711
],
[
0.367011037,
-0.252721498,
-0.895228877
]
],
"t": [
226.78176,
-71.97556,
-347.59103
]
},
{
"id": "H159",
"type": "hex",
"R": [
[
0.644791481,
0.613545,
0.455857959
],
[
0.628678785,
-0.764911039,
0.140264347
],
[
0.434749274,
0.196146972,
-0.878930847
]
],
"t": [
205.37578,
17.68656,
-340.98071
]
},
{
"id": "H160",
"type": "hex",
"R": [
[
-0.79472614,
0.297613649,
0.528995726
],
[
0.468656721,
0.854714284,
0.223213731
],
[
-0.385708751,
0.42531119,
-0.818742421
]
],
"t": [
195.87398,
107.12295,
-343.74353
]
},
{
"id": "H161",
"type": "hex",
"R": [
[
-0.612160189,
-0.042300242,
0.789601541
],
[
-0.555198948,
0.734020931,
-0.391110471
],
[
-0.563039991,
-0.677808205,
-0.472823441
]
],
"t": [
290.51081,
-201.34121,
-270.91376
]
},
{
"id": "H162",
"type": "hex",
"R": [
[
-0.444001362,
-0.017655466,
0.89585215
],
[
-0.64206379,
0.703650675,
-0.304351468
],
[
-0.624993504,
-0.710326694,
-0.323757793
]
],
"t": [
345.78914,
-153.21795,
-208.86698
]
},
{
"id": "H163",
"type": "hex",
"R": [
[
-0.258529589,
0.021402239,
0.965766222
],
[
-0.661254524,
0.724888533,
-0.193077883
],
[
-0.704205159,
-0.688533629,
-0.173252807
]
],
"t": [
386.13862,
-99.27149,
-141.5373
]
},
{
"id": "H164",
"type": "hex",
"R": [
[
0.679609995,
0.338029599,
0.651050109
],
[
-0.297959624,
0.938196766,
-0.176087734
],
[
-0.670335974,
-0.074315661,
0.738327072
]
],
"t": [
246.99151,
33.64151,
238.54082
]
},
{
"id": "H165",
"type": "hex",
"R": [
[
0.923638417,
-0.370691064,
-0.097366369
],
[
0.059925409,
-0.111242389,
0.991984917
],
[
-0.378551212,
-0.922070098,
-0.08053393
]
],
"t": [
-6.82949,
297.48228,
-67.94778
]
},
{
"id": "H166",
"type": "hex",
"R": [
[
-0.933032128,
0.359699402,
-0.008208996
],
[
0.030419746,
0.101599556,
0.994360181
],
[
0.358504793,
0.92752028,
-0.105737614
]
],
"t": [
11.92466,
295.08797,
-159.99444
]
},
{
"id": "H167",
"type": "hex",
"R": [
[
-0.714755646,
-0.691835154,
0.102413309
],
[
-0.156175727,
0.300627771,
0.94086773
],
[
-0.681713656,
0.65649605,
-0.322923255
]
],
"t": [
38.84981,
288.56837,
-254.32506
]
},
{
"id": "H168",
"type": "hex",
"R": [
[
-0.988268395,
-0.071902278,
0.134742874
],
[
0.123040371,
-0.897497191,
0.423508984
],
[
0.09048009,
0.435119357,
0.895814991
]
],
"t": [
77.05268,
205.27275,
314.0479
]
},
{
"id": "H169",
"type": "hex",
"R": [
[
0.423853618,
0.905020471,
-0.035861658
],
[
-0.547101725,
0.287380313,
0.786188436
],
[
0.721822563,
-0.313608838,
0.616945446
]
],
"t": [
40.69016,
288.97495,
265.64854
]
},
{
"id": "H170",
"type": "hex",
"R": [
[
-0.90688159,
0.407982242,
-0.105433736
],
[
-0.176412153,
-0.140362369,
0.974257234
],
[
0.382680722,
0.902135741,
0.199265074
]
],
"t": [
35.6651,
325.80882,
174.07338
]
},
{
"id": "H171",
"type": "hex",
"R": [
[
