{
"description": "HIV-1 CA pseudo-atomic capsid -- per-capsomer instance transforms",
"frame": "Angstrom; world = R @ canonical_template + t",
"hexamer_template": "RCSB 3H47 (canonical)",
"pentamer_template": "RCSB 3P05 (canonical)",
"spacing_A": 95.5,
"azimuth_deg": 30,
"cage": "mesh4a_C490_representative.xyz",
"mesh_surface_obj": "mesh4a_surface.obj",
"n_capsomers": 247,
"capsomers": [
{
"id": "H001",
"type": "hex",
"R": [
[
0.69661286,
-0.65734303,
0.287455498
],
[
-0.538759778,
-0.214703577,
0.814641194
],
[
-0.473780988,
-0.722358993,
-0.503715258
]
],
"t": [
355.63952,
134.56154,
-116.61051
]
},
{
"id": "H002",
"type": "hex",
"R": [
[
-0.894342213,
-0.300474118,
0.331462382
],
[
0.165677633,
0.46577408,
0.869255675
],
[
-0.415575418,
0.832327947,
-0.366779581
]
],
"t": [
452.0195,
122.9246,
-70.67945
]
},
{
"id": "H003",
"type": "hex",
"R": [
[
0.465318912,
0.842326392,
0.271964261
],
[
0.488501317,
-0.500607224,
0.714673961
],
[
0.738136013,
-0.199696411,
-0.644419561
]
],
"t": [
419.94691,
87.68217,
-162.31211
]
},
{
"id": "H004",
"type": "hex",
"R": [
[
0.576712824,
-0.660341472,
0.480990082
],
[
-0.592352941,
0.067457746,
0.802849578
],
[
-0.562601379,
-0.747929537,
-0.352251467
]
],
"t": [
603.73955,
57.16378,
-76.51066
]
},
{
"id": "P001",
"type": "pent",
"R": [
[
0.52248166,
0.429872094,
0.73635786
],
[
0.055803783,
-0.87899862,
0.473547636
],
[
0.850822457,
-0.2063284,
-0.483249147
]
],
"t": [
644.05025,
-2.7173,
-129.58375
]
},
{
"id": "H005",
"type": "hex",
"R": [
[
-0.398185798,
-0.045289438,
0.916186082
],
[
0.887026468,
0.235485229,
0.39715331
],
[
-0.233735139,
0.970822112,
-0.053593944
]
],
"t": [
674.74397,
-1.96735,
-40.67144
]
},
{
"id": "H006",
"type": "hex",
"R": [
[
-0.419578417,
-0.886132819,
0.196780536
],
[
-0.671714407,
0.448916372,
0.589299454
],
[
-0.610535591,
0.115077011,
-0.783583802
]
],
"t": [
321.11877,
83.85274,
-194.82223
]
},
{
"id": "H007",
"type": "hex",
"R": [
[
0.995645472,
0.0585514,
0.072538454
],
[
0.042055378,
-0.97657506,
0.211027243
],
[
0.083195185,
-0.207057687,
-0.974784938
]
],
"t": [
271.12884,
-1.35274,
-238.82144
]
},
{
"id": "H008",
"type": "hex",
"R": [
[
-0.516714979,
0.848878764,
0.111402309
],
[
0.800195071,
0.432563058,
0.415423939
],
[
0.304456037,
0.30379935,
-0.902780414
]
],
"t": [
371.22321,
10.57643,
-226.43146
]
},
{
"id": "H009",
"type": "hex",
"R": [
[
-0.99913678,
-0.035795705,
0.021079912
],
[
-0.034314863,
0.997172589,
0.066852959
],
[
-0.023413359,
0.066071896,
-0.997540134
]
],
"t": [
419.9012,
-69.39983,
-244.87448
]
},
{
"id": "H010",
"type": "hex",
"R": [
[
0.447569696,
0.892367867,
-0.057973753
],
[
0.774479372,
-0.419219932,
-0.473747139
],
[
-0.447060477,
0.167135388,
-0.878750643
]
],
"t": [
375.55044,
-157.34259,
-219.99074
]
},
{
"id": "H011",
"type": "hex",
"R": [
[
0.568960183,
-0.822035291,
-0.023287139
],
[
-0.819323343,
-0.564195139,
-0.101946578
],
[
0.070665195,
0.07708324,
-0.994517272
]
],
"t": [
322.93756,
-80.87002,
-242.95843
]
},
{
"id": "H012",
"type": "hex",
"R": [
[
-0.904358744,
0.254940007,
0.342258463
],
[
-0.078915001,
-0.888033661,
0.452955451
],
[
0.419413502,
0.382624896,
0.823219596
]
],
"t": [
537.23824,
47.6114,
156.02715
]
},
{
"id": "H013",
"type": "hex",
"R": [
[
0.7535993,
0.593090137,
0.283429328
],
[
-0.518710949,
0.271703643,
0.810626968
],
[
0.403766079,
-0.757905812,
0.512398023
]
],
"t": [
465.47742,
111.14157,
121.95828
]
},
{
"id": "H014",
"type": "hex",
"R": [
[
0.259256446,
-0.920517747,
0.292289535
],
[
0.844867281,
0.362791805,
0.393168391
],
[
-0.46795873,
0.145014425,
0.87177144
]
],
"t": [
444.87606,
41.95702,
188.8529
]
},
{
"id": "H015",
"type": "hex",
"R": [
[
0.328904611,
-0.202649586,
0.922363758
],
[
0.147824536,
0.975712345,
0.161658055
],
[
-0.932721643,
0.083177915,
0.35087287
]
],
"t": [
658.336,
-20.07001,
58.40506
]
},
{
"id": "H016",
"type": "hex",
"R": [
[
0.023290105,
-0.12194168,
0.992263976
],
[
0.801045079,
-0.591569357,
-0.091501241
],
[
0.598150777,
0.796979249,
0.08390307
]
],
"t": [
677.00828,
-93.07622,
-6.98788
]
},
{
"id": "H017",
"type": "hex",
"R": [
[
0.530952462,
-0.799978765,
-0.27950574
],
[
-0.272140349,
0.151395527,
-0.950273132
],
[
0.802514245,
0.580614648,
-0.137322672
]
],
"t": [
-294.84433,
-239.20844,
22.12036
]
},
{
"id": "H018",
"type": "hex",
"R": [
[
0.36777349,
0.91795956,
-0.148636829
],
[
-0.124153205,
-0.109937895,
-0.986153964
],
[
-0.921590279,
0.381135024,
0.073535378
]
],
"t": [
-227.52509,
-260.68483,
109.03283
]
},
{
"id": "H019",
"type": "hex",
"R": [
[
-0.978309256,
-0.165566493,
-0.124493921
],
[
0.090643489,
0.198245114,
-0.975952167
],
[
0.186265289,
-0.966067602,
-0.178937506
]
],
"t": [
-199.95508,
-258.13778,
14.71042
]
},
{
"id": "H020",
"type": "hex",
"R": [
[
-0.975815258,
-0.144056857,
0.164414733
],
[
-0.033307085,
-0.645371839,
-0.763142075
],
[
0.216044487,
-0.750161856,
0.624965574
]
],
"t": [
195.86634,
-208.29447,
193.3216
]
},
{
"id": "H021",
"type": "hex",
"R": [
[
0.386880423,
0.888836598,
0.245546412
],
[
-0.713200328,
0.45721251,
-0.531321008
],
[
-0.584524448,
0.030433915,
0.810805122
]
],
"t": [
162.95542,
-145.43228,
259.18836
]
},
{
"id": "H022",
"type": "hex",
"R": [
[
0.646979046,
-0.749459206,
0.140460007
],
[
0.52580167,
0.305094934,
-0.794008618
],
[
0.552223431,
0.587561044,
0.591456931
]
],
"t": [
97.31319,
-211.20595,
214.59293
]
},
{
"id": "H023",
"type": "hex",
"R": [
[
0.831995559,
-0.459836043,
0.310377516
],
[
-0.26918308,
0.154590037,
0.950601068
],
[
-0.485101905,
-0.874444243,
0.004838142
]
],
"t": [
465.98146,
138.1543,
26.32783
]
},
{
"id": "H024",
"type": "hex",
"R": [
[
-0.797041992,
-0.480670569,
0.365622575
],
[
0.447860356,
-0.064296498,
0.891788687
],
[
-0.405148325,
0.874540888,
0.2665203
]
],
"t": [
548.01489,
104.81831,
73.70702
]
},
{
"id": "H025",
"type": "hex",
"R": [
[
0.179624579,
0.893129711,
0.412376443
],
[
0.184850157,
-0.44237128,
0.877575108
],
[
0.966211897,
-0.081406209,
-0.244555922
]
],
"t": [
541.02054,
102.8295,
-24.82711
]
},
{
"id": "H026",
"type": "hex",
"R": [
[
-0.372986793,
0.631147822,
0.680097992
],
[
0.90426551,
0.411443357,
0.114097548
],
[
-0.207809382,
0.657546037,
-0.724188146
]
],
"t": [
611.29045,
-68.57916,
-185.61253
]
},
{
"id": "H027",
"type": "hex",
"R": [
[
0.965040842,
0.124450162,
0.230669311
],
[
0.067401115,
-0.968320353,
0.24044289
],
[
0.253284945,
-0.21648984,
-0.942856768
]
],
"t": [
523.57922,
-56.28318,
-234.97121
]
},
{
"id": "H028",
"type": "hex",
"R": [
[
-0.472434692,
-0.81347989,
0.339198955
],
[
-0.422697224,
0.546832575,
0.722704083
],
[
-0.773390276,
0.198052024,
-0.60219837
]
],
"t": [
566.43788,
20.13696,
-174.72748
]
},
{
"id": "H029",
"type": "hex",
"R": [
[
-0.559020153,
0.409516268,
0.720966639
],
[
0.614583393,
-0.379030208,
0.691826101
],
[
0.556582179,
0.829838856,
-0.039796372
]
],
"t": [
620.97936,
64.68607,
19.24036
]
},
{
"id": "H030",
"type": "hex",
"R": [
[
0.921417078,
0.119078457,
0.369879561
],
[
-0.236346788,
-0.583816492,
0.776722923
],
[
0.308432755,
-0.803105613,
-0.509794675
]
],
"t": [
515.0655,
75.86449,
-122.01924
]
},
{
"id": "H031",
"type": "hex",
"R": [
[
-0.294375436,
-0.925757805,
0.237309059
],
[
-0.693372108,
0.035997682,
-0.719679989
],
[
0.65770679,
-0.376399593,
-0.652491474
]
],
"t": [
529.91589,
-213.43018,
-175.84712
]
},
{
"id": "H032",
"type": "hex",
"R": [
[
-0.4077064,
0.718686529,
0.563262962
],
[
0.121538704,
0.654083541,
-0.74659431
],
[
-0.904988306,
-0.235933028,
-0.354022276
]
],
"t": [
588.65106,
-241.46464,
-100.65622
]
},
{
"id": "H033",
"type": "hex",
"R": [
[
0.992254917,
0.110326525,
0.057080972
],
[
0.091549879,
-0.338933014,
-0.936345573
],
[
-0.083957127,
0.934319255,
-0.34640833
]
],
"t": [
486.31089,
-262.61897,
-103.35447
]
},
{
"id": "H034",
"type": "hex",
"R": [
[
0.399671139,
0.915183925,
-0.051974646
],
[
0.540235683,
-0.280975163,
-0.79322025
],
[
-0.740546006,
0.288948683,
-0.606712676
]
],
"t": [
330.39512,
-223.91036,
-158.79514
]
},
{
"id": "H035",
"type": "hex",
"R": [
[
0.582741586,
-0.810770593,
-0.055346998
],
[
-0.702686874,
-0.468502133,
-0.535478206
],
[
0.408219796,
0.350937028,
-0.842733529
]
],
"t": [
274.29262,
-164.63408,
-209.8828
]
},
{
"id": "H036",
"type": "hex",
"R": [
[
-0.603132724,
0.797616021,
0.006292902
],
[
-0.088040263,
-0.05872801,
-0.994384198
],
[
-0.792767198,
-0.600299679,
0.105643109
]
],
"t": [
450.12623,
-274.23687,
-13.16987
]
},
{
"id": "H037",
"type": "hex",
"R": [
[
0.983125295,
0.182488589,
0.012750223
],
[
-0.002888153,
0.085173835,
-0.99636192
],
[
-0.182910667,
0.979511783,
0.084263607
]
],
"t": [
355.89426,
-271.69308,
2.67603
]
},
{
"id": "H038",
"type": "hex",
"R": [
[
-0.381507581,
-0.922005935,
-0.066007734
],
[
-0.24059316,
0.167992454,
-0.955977754
],
[
0.892505964,
-0.348831752,
-0.285918716
]
],
"t": [
390.50661,
-263.56317,
-91.06697
]
},
{
"id": "H039",
"type": "hex",
"R": [
[
0.967259786,
0.017103869,
-0.253211303
],
[
0.236386719,
-0.423804338,
0.874363313
],
[
-0.092357053,
-0.90559226,
-0.41397202
]
],
"t": [
-332.97535,
313.69896,
-107.68974
]
},
{
"id": "H040",
"type": "hex",
"R": [
[
-0.604333584,
-0.751743658,
-0.263936341
],
[
-0.118832926,
-0.24252138,
0.962840649
],
[
-0.787819558,
0.613241268,
0.057231917
]
],
"t": [
-283.57307,
348.01237,
-26.3876
]
},
{
"id": "H041",
"type": "hex",
"R": [
[
-0.528804085,
0.848632824,
-0.013732064
],
[
0.473149055,
0.308185684,
0.825319063
],
[
0.704624873,
0.429934779,
-0.564499667
]
],
"t": [
-235.99122,
326.96385,
-116.04855
]
},
{
"id": "H042",
"type": "hex",
"R": [
[
0.964907108,
0.137045808,
0.223992677
],
[
-0.030975448,
-0.78764987,
0.615343972
],
[
0.260758114,
-0.600688046,
-0.755763903
]
],
"t": [
470.80629,
19.2809,
-200.9288
]
},
{
"id": "H043",
"type": "hex",
"R": [
[
-0.131594114,
-0.940517576,
0.313224645
],
[
-0.134251312,
0.329970035,
0.934396255
],
[
-0.982170848,
0.080910228,
-0.169687833
]
],
"t": [
377.74731,
162.2883,
-24.99281
]
},
{
"id": "H044",
"type": "hex",
"R": [
[
-0.558071543,
-0.75871485,
0.336017751
],
[
0.806779499,
-0.590823427,
0.0058752
],
[
0.194069558,
0.274371015,
0.941837328
]
],
"t": [
504.74979,
-40.04897,
185.83614
]
},
{
"id": "H045",
"type": "hex",
"R": [
[
-0.292187827,
-0.948550847,
0.121973618
],
[
0.370316794,
-0.229805331,
-0.900030545
],
[
0.881754924,
-0.21780909,
0.418410629
]
],
"t": [
423.23303,
-247.69834,
75.34891
]
},
{
"id": "H046",
"type": "hex",
"R": [
[
0.980273103,
0.112717284,
0.162355958
],
[
0.03220749,
0.719362836,
-0.693887446
],
[
-0.195005951,
0.685428278,
0.701541699
]
],
"t": [
394.88669,
-199.34607,
152.9535
]
},
{
"id": "H047",
"type": "hex",
"R": [
[
-0.588052276,
0.786532474,
0.188576744
],
[
-0.669782204,
-0.342842035,
-0.658673772
],
[
-0.453416277,
-0.513639958,
0.728414493
]
],
"t": [
495.48529,
-197.83766,
132.72529
]
},
{
"id": "H048",
"type": "hex",
"R": [
[
0.976416003,
0.128849134,
0.173233051
],
[
0.039229329,
0.683143845,
-0.72922942
],
[
-0.212303672,
0.718827092,
0.661977917
]
],
"t": [
295.22096,
-203.25006,
172.72147
]
},
{
"id": "H049",
"type": "hex",
"R": [
[
-0.327990282,
-0.93905586,
0.102939145
],
[
0.35064179,
-0.222199595,
-0.909767924
],
[
0.877195936,
-0.262300272,
0.402151535
]
],
"t": [
325.68111,
-249.36011,
94.02474
]
},
{
"id": "H050",
"type": "hex",
"R": [
[
-0.997016625,
-0.072937056,
-0.025259375
],
[
-0.029553844,
0.663034859,
-0.748004911
],
[
0.071305122,
-0.74502682,
-0.663212347
]
],
"t": [
429.27331,
-220.49792,
-171.1509
]
},
{
"id": "H051",
"type": "hex",
"R": [
[
0.601843467,
-0.760150679,
0.24485789
],
[
-0.634754433,
-0.269257355,
0.724283982
],
[
-0.484635173,
-0.591330214,
-0.644559793
]
],
"t": [
259.14647,
140.02379,
-160.06699
]
},
{
"id": "H052",
"type": "hex",
"R": [
[
0.732410358,
-0.592688591,
0.335104911
],
[
-0.384520175,
0.046108889,
0.921964319
],
[
-0.561889049,
-0.804110816,
-0.194130093
]
],
"t": [
-45.28068,
294.94528,
-53.92156
]
},
{
"id": "H053",
"type": "hex",
"R": [
[
0.231735479,
0.930125477,
0.284895181
],
[
0.371795142,
-0.355318484,
0.857622963
],
[
0.898925492,
-0.092819024,
-0.428156033
]
],
"t": [
24.47574,
251.7281,
-106.0821
]
},
{
"id": "H054",
"type": "hex",
"R": [
[
-0.873914159,
-0.38762737,
0.293290069
],
[
0.245003949,
0.169856154,
0.954527083
],
[
-0.419817946,
0.906031958,
-0.053469461
]
],
"t": [
44.18491,
270.98291,
-10.5549
]
},
{
"id": "H055",
"type": "hex",
"R": [
[
-0.423268802,
-0.870766419,
0.250218634
],
[
0.763381719,
-0.491508539,
-0.419127317
],
[
0.487946588,
0.013608813,
0.872767396
]
],
"t": [
359.81914,
-129.83078,
209.58323
]
},
{
"id": "H056",
"type": "hex",
"R": [
[
0.953891993,
-0.019334718,
0.299526683
],
[
0.047812939,
0.994968603,
-0.088042048
],
[
-0.296317377,
0.098303856,
0.950017034
]
],
"t": [
313.60212,
-51.10034,
245.17638
]
},
{
"id": "H057",
"type": "hex",
"R": [
[
-0.434461963,
0.85052604,
0.296392067
],
[
-0.894809439,
-0.445128438,
-0.034303678
],
[
0.102756367,
-0.280118062,
0.954450104
]
],
"t": [
410.20109,
-45.44417,
216.78878
]
},
{
"id": "H058",
"type": "hex",
"R": [
[
-0.948436675,
0.023082621,
0.316125079
],
[
-0.072239581,
-0.986838473,
-0.144676437
],
[
0.308624879,
-0.160053182,
0.937621279
]
],
"t": [
218.94186,
-59.52414,
274.7089
]
},
{
"id": "H059",
"type": "hex",
"R": [
[
0.591567502,
0.726118015,
0.350429051
],
[
-0.804938034,
0.556735031,
0.205233689
],
[
-0.046072249,
-0.403483252,
0.913826358
]
],
"t": [
167.23728,
23.12469,
290.68674
]
},
{
"id": "H060",
"type": "hex",
"R": [
[
0.46754571,
-0.809084628,
0.35606611
],
[
0.883381739,
0.412974979,
-0.221558953
],
[
0.032213549,
0.418131237,
0.907815265
]
],
"t": [
124.8622,
-69.16237,
306.5257
]
},
{
"id": "H061",
"type": "hex",
"R": [
[
-0.966337517,
-0.066597133,
0.248508803
],
[
-0.060248923,
-0.88048071,
-0.470238011
],
[
0.250123711,
-0.46938102,
0.846829137
]
],
"t": [
260.50119,
-138.10367,
234.31808
]
},
{
"id": "H062",
"type": "hex",
"R": [
[
0.362067292,
-0.131461255,
0.922835421
],
[
-0.203330622,
-0.977303901,
-0.059445301
],
[
0.909705411,
-0.166117501,
-0.380579875
]
],
"t": [
671.49069,
-87.57671,
-104.4957
]
},
{
"id": "H063",
"type": "hex",
"R": [
[
0.370802131,
0.372433409,
0.850763855
],
[
0.795855295,
0.34472109,
-0.497776777
],
[
-0.478664945,
0.861661608,
-0.168579786
]
],
"t": [
653.67035,
-173.00997,
-61.67909
]
},
{
"id": "H064",
"type": "hex",
"R": [
[
0.594559853,
-0.411753184,
0.690621384
],
[
-0.159085461,
-0.902188569,
-0.400933412
],
[
0.788156328,
0.12851109,
-0.601909048
]
],
"t": [
621.06553,
-164.76769,
-154.7569
]
},
{
"id": "P002",
"type": "pent",
"R": [
[
-0.194057546,
-0.952810682,
0.23343837
],
[
0.0582325,
-0.248730904,
-0.966820518
],
[
0.979260254,
-0.174025117,
0.103752657
]
],
"t": [
537.15266,
-281.39412,
-34.34813
]
},
{
"id": "H065",
"type": "hex",
"R": [
[
0.937382969,
0.290455342,
0.192220871
],
[
0.046320177,
0.443022144,
-0.895313253
],
[
-0.34520662,
0.8481551,
0.40182747
]
],
"t": [
519.69135,
-246.6272,
53.2504
]
},
{
"id": "H066",
"type": "hex",
"R": [
[
-0.768924733,
0.296253138,
0.566558764
],
[
-0.574245016,
0.069549756,
-0.815723908
],
[
-0.281064791,
-0.952573834,
0.11664336
]
],
"t": [
603.48613,
-234.66106,
0.46675
]
},
{
"id": "H067",
"type": "hex",
"R": [
[
0.982105067,
0.186939431,
0.022875442
],
[
0.008129679,
0.079268998,
-0.996820111
],
[
-0.188158298,
0.979168052,
0.076330727
]
],
"t": [
257.17016,
-272.11273,
19.99034
]
},
{
"id": "H068",
"type": "hex",
"R": [
[
-0.360512273,
-0.931977048,
-0.038074693
],
[
-0.229465747,
0.128180394,
-0.964839498
],
[
0.904088697,
-0.339099643,
-0.260067414
]
],
"t": [
291.15075,
-263.9006,
-74.02956
]
},
{
"id": "H069",
"type": "hex",
"R": [
[
-0.993404336,
-0.11170764,
0.025869462
],
[
-0.112483845,
0.905605747,
-0.408932286
],
[
0.022253327,
-0.409145003,
-0.912197981
]
],
"t": [
473.32334,
-149.27673,
-231.17455
]
},
{
"id": "H070",
"type": "hex",
"R": [
[
-0.244163203,
-0.930359037,
0.273525853
],
[
-0.417470869,
0.355431462,
0.836293339
],
[
-0.87527276,
0.090002985,
-0.47518108
]
],
"t": [
192.22934,
193.185,
-114.43447
]
},
{
"id": "H071",
"type": "hex",
"R": [
[
0.970023531,
0.125121793,
0.208323995
],
[
-0.028533107,
-0.792689346,
0.608957685
],
[
0.241330089,
-0.596647415,
-0.765357205
]
],
"t": [
155.82597,
140.21932,
-189.07256
]
},
{
"id": "H072",
"type": "hex",
"R": [
[
0.24543541,
-0.718575456,
-0.650700218
],
[
0.176845543,
-0.626779358,
0.758863156
],
[
-0.953145904,
-0.301325323,
-0.026756982
]
],
"t": [
-598.78339,
225.92729,
-61.90978
]
},
{
"id": "H073",
"type": "hex",
"R": [
[
0.4049981,
0.805388026,
-0.432812507
],
[
0.687855544,
0.043471959,
0.724544643
],
[
0.602354788,
-0.591151686,
-0.536384558
]
],
"t": [
-567.58022,
212.16056,
-156.96715
]
},
{
"id": "H074",
"type": "hex",
"R": [
[
-0.927032431,
0.157162122,
-0.340456958
],
[
-0.301484478,
0.227499443,
0.925932564
],
[
0.222975295,
0.961012003,
-0.163517421
]
],
"t": [
-513.76101,
266.88452,
-81.94527
]
},
{
"id": "H075",
"type": "hex",
"R": [
[
-0.096915093,
-0.949758919,
0.297599498
],
[
-0.106363066,
0.307177859,
0.945689516
],
[
-0.989593029,
0.059997992,
-0.130789442
]
],
"t": [
213.36263,
217.80253,
-20.79044
]
},
{
"id": "H076",
"type": "hex",
"R": [
[
-0.75146631,
0.588889198,
0.29750277
],
[
0.431158939,
0.09700944,
0.897045784
],
[
0.499399995,
0.802370663,
-0.326804167
]
],
"t": [
287.71919,
182.32889,
-71.89538
]
},
{
"id": "H077",
"type": "hex",
"R": [
[
0.827117178,
-0.493305466,
0.26930817
],
[
-0.113968926,
0.322000966,
0.93985449
],
[
-0.550352848,
-0.808062556,
0.210111036
]
],
"t": [
-38.7599,
291.92301,
44.73419
]
},
{
"id": "H078",
"type": "hex",
"R": [
[
-0.827397633,
-0.506668499,
0.24228122
],
[
0.350341916,
-0.128468468,
0.927769581
],
[
-0.438946123,
0.852515622,
0.283801719
]
],
"t": [
46.40301,
258.03991,
87.14736
]
},
{
"id": "H079",
"type": "hex",
"R": [
[
0.394825507,
0.882276842,
0.25632088
],
[
-0.80640344,
0.46647084,
-0.363481014
],
[
-0.440257097,
-0.063186463,
0.895645666
]
],
"t": [
456.83425,
-126.08244,
184.82722
]
},
{
"id": "P003",
"type": "pent",
"R": [
[
0.789472531,
-0.413572869,
0.453531262
],
[
-0.317809979,
-0.907580399,
-0.274398684
],
[
0.525099934,
0.072493463,
-0.847947379
]
],
"t": [
563.35329,
-138.47533,
-217.95496
]
},
{
"id": "H080",
"type": "hex",
"R": [
[
0.204861817,
0.899128355,
-0.386781382
],
[
-0.970502534,
0.237911522,
0.039024842
],
[
0.127108089,
0.367377611,
0.921345334
]
],
"t": [
-155.80349,
-18.20901,
325.23784
]
},
{
"id": "H081",
"type": "hex",
"R": [
[
0.687561574,
-0.615107448,
-0.385878102
],
[
0.60263008,
0.779846891,
-0.169339342
],
[
0.405087729,
-0.116110527,
0.906875007
]
],
"t": [
-221.40537,
-80.47514,
291.61762
]
},
{
"id": "H082",
"type": "hex",
"R": [
[
-0.954956296,
-0.189234354,
-0.228580036
],
[
0.274324678,
-0.856689034,
-0.436840783
],
[
-0.113156727,
-0.479869001,
0.87001224
]
],
"t": [
-131.55086,
-118.31968,
310.62522
]
},
{
"id": "H083",
"type": "hex",
"R": [
[
0.95020271,
0.186813118,
0.24943069
],
[
-0.067934803,
-0.656976202,
0.75084428
],
[
0.304137589,
-0.730399294,
-0.611569455
]
],
"t": [
92.02221,
200.68469,
-152.4493
]
},
{
"id": "H084",
"type": "hex",
"R": [
[
-0.168509929,
-0.942051276,
0.290075504
],
[
-0.2371525,
0.324386527,
0.915713969
],
[
-0.956746098,
0.085514765,
-0.278072166
]
],
"t": [
120.97353,
236.97348,
-65.04669
]
},
{
"id": "H085",
"type": "hex",
"R": [
[
-0.840015893,
0.459161223,
0.289040259
],
[
0.138116296,
-0.334215223,
0.932321872
],
[
0.524687706,
0.82308636,
0.217328452
]
],
"t": [
217.78043,
211.264,
77.80778
]
},
{
"id": "H086",
"type": "hex",
"R": [
[
0.851646243,
0.441200366,
0.282915028
],
[
-0.28539006,
-0.062381325,
0.956379153
],
[
0.439603446,
-0.89523785,
0.072787378
]
],
"t": [
132.27167,
243.97584,
32.99603
]
},
{
"id": "H087",
"type": "hex",
"R": [
[
0.077822806,
-0.965718626,
0.247651258
],
[
0.38176352,
0.25833733,
0.887422356
],
[
-0.920977864,
0.025482518,
0.388780678
]
],
"t": [
129.9297,
220.28188,
129.30998
]
},
{
"id": "H088",
"type": "hex",
"R": [
[
-0.34213903,
0.714812611,
0.609904759
],
[
-0.903969265,
-0.427555297,
-0.006002984
],
[
0.256477002,
-0.553389012,
0.792451986
]
],
"t": [
597.21964,
-35.16112,
139.97871
]
},
{
"id": "H089",
"type": "hex",
"R": [
[
-0.448815708,
-0.791942934,
0.413993779
],
[
0.763884488,
-0.580408322,
-0.28214654
],
[
0.463729393,
0.189611627,
0.865449294
]
],
"t": [
556.43805,
-121.17669,
153.23262
]
},
{
"id": "H090",
"type": "hex",
"R": [
[
-0.813917164,
-0.496770729,
0.301260174
],
[
0.374673998,
-0.052512346,
0.925668326
],
[
-0.44402505,
0.866291693,
0.228867775
]
],
"t": [
384.67939,
157.85663,
74.30595
]
},
{
"id": "H091",
"type": "hex",
"R": [
[
0.815143154,
-0.490997506,
0.307348478
],
[
-0.24648847,
0.186143882,
0.951101409
],
[
-0.524199458,
-0.851041658,
0.030708687
]
],
"t": [
301.38725,
192.04154,
25.74057
]
},
{
"id": "P004",
"type": "pent",
"R": [
[
0.362021412,
-0.633994552,
0.683367694
],
[
0.440329571,
0.762456196,
0.474099587
],
[
-0.821614488,
0.129272802,
0.555192017
]
],
"t": [
617.32376,
49.98045,
109.5895
]
},
{
"id": "P005",
"type": "pent",
"R": [
[
0.227458805,
0.476605887,
0.849181559
],
[
-0.135149746,
0.879050983,
-0.457169459
],
[
-0.964363541,
-0.010779453,
0.264361051
]
],
"t": [
663.17877,
-174.76094,
33.7799
]
},
{
"id": "H092",
"type": "hex",
"R": [
[
-0.606612773,
0.629026496,
0.486154925
],
[
-0.757810803,
-0.272679852,
-0.592763431
],
[
-0.240299251,
-0.727991322,
0.642094156
]
],
"t": [
591.51803,
-193.82936,
94.76696
]
},
{
"id": "H093",
"type": "hex",
"R": [
[
-0.968374613,
-0.248258614,
0.024865039
],
[
0.180261486,
-0.765059413,
-0.618215085
],
[
0.172500453,
-0.594181585,
0.785615579
]
],
"t": [
-33.19951,
-144.67369,
305.76624
]
},
{
"id": "H094",
"type": "hex",
"R": [
[
0.173615045,
0.96487697,
-0.197155392
],
[
-0.959201451,
0.120316522,
-0.255844702
],
[
-0.22313761,
0.233530228,
0.946400148
]
],
"t": [
-65.73889,
-61.67631,
352.09479
]
},
{
"id": "H095",
"type": "hex",
"R": [
[
0.451890759,
0.891993336,
-0.011942806
],
[
0.866088309,
-0.441896146,
-0.233706734
],
[
-0.213742329,
0.095266389,
-0.972233785
]
],
"t": [
221.03856,
-90.40595,
-237.49704
]
},
{
"id": "H096",
"type": "hex",
"R": [
[
0.583990365,
-0.809827761,
0.055984385
],
[
-0.81173968,
-0.582089862,
0.047435057
],
[
-0.005826283,
-0.073146363,
-0.997304198
]
],
"t": [
167.86125,
-12.45823,
-248.13377
]
},
{
"id": "H097",
"type": "hex",
"R": [
[
-0.319300043,
-0.943355655,
0.090153147
],
[
0.330449137,
-0.199997567,
-0.922390558
],
[
0.888172759,
-0.264728315,
0.375590294
]
],
"t": [
226.42659,
-252.3271,
111.98573
]
},
{
"id": "H098",
"type": "hex",
"R": [
[
-0.707758042,
0.460182408,
-0.536013717
],
[
0.496642883,
0.863709182,
0.085745525
],
[
0.502418552,
-0.205520313,
-0.839843438
]
],
"t": [
-552.64005,
67.16046,
-241.59964
]
},
{
"id": "H099",
"type": "hex",
"R": [
[
0.510196842,
0.392035171,
-0.765511337
],
[
0.344606939,
-0.908680374,
-0.235682066
],
[
-0.788000787,
-0.143556272,
-0.598703897
]
],
"t": [
-614.81641,
20.79047,
-181.80954
]
},
{
"id": "H100",
"type": "hex",
"R": [
[
-0.174540458,
-0.718645614,
-0.673115228
],
[
-0.971522708,
0.014435497,
0.23650633
],
[
-0.160247484,
0.695226652,
-0.700700111
]
],
"t": [
-610.47762,
123.83352,
-191.72487
]
},
{
"id": "H101",
"type": "hex",
"R": [
[
0.625338002,
-0.760997899,
0.172726897
],
[
-0.72635725,
-0.486724816,
0.485287645
],
[
-0.285232411,
-0.42893024,
-0.857123865
]
],
"t": [
53.99259,
136.96759,
-217.56862
]
},
{
"id": "H102",
"type": "hex",
"R": [
[
0.405250253,
0.906193947,
0.120767391
],
[
0.860172737,
-0.422698744,
0.285357029
],
[
0.309637037,
-0.011760191,
-0.950782101
]
],
"t": [
112.82818,
63.85675,
-237.45499
]
},
{
"id": "H103",
"type": "hex",
"R": [
[
-0.789078596,
0.513301421,
0.337456102
],
[
0.201337039,
-0.302891541,
0.931514955
],
[
0.580360548,
0.802980925,
0.135658644
]
],
"t": [
-119.66028,
324.58973,
2.23684
]
},
{
"id": "P006",
"type": "pent",
"R": [
[
0.88927416,
0.413154442,
0.196201109
],
[
-0.153135965,
-0.135257798,
0.978904849
],
[
0.430976617,
-0.900560234,
-0.05701246
]
],
"t": [
-193.45826,
358.99312,
-40.63695
]
},
{
"id": "H104",
"type": "hex",
"R": [
[
0.269565472,
-0.961945586,
0.044667056
],
[
0.450899594,
0.167068723,
0.876799634
],
[
-0.850896006,
-0.216214549,
0.478776834
]
],
"t": [
-208.65143,
332.4166,
47.20853
]
},
{
"id": "H105",
"type": "hex",
"R": [
[
-0.324997443,
0.524688451,
0.786815538
],
[
-0.922380009,
-0.359538538,
-0.141234407
],
[
0.208786446,
-0.771643745,
0.600811244
]
],
"t": [
640.7771,
-107.90384,
91.8058
]
},
{
"id": "H106",
"type": "hex",
"R": [
[
-0.595174898,
-0.448329971,
-0.666908598
],
[
0.770430391,
-0.082384587,
-0.632178608
],
[
0.228481628,
-0.89006349,
0.394440273
]
],
"t": [
-457.30283,
-127.22188,
74.67911
]
},
{
"id": "H107",
"type": "hex",
"R": [
[
0.76048516,
-0.020844525,
-0.649020668
],
[
-0.295786862,
0.87865286,
-0.374805662
],
[
0.578076512,
0.47700593,
0.662036924
]
],
"t": [
-504.67592,
-35.93751,
97.99506
]
},
{
"id": "H108",
"type": "hex",
"R": [
[
-0.379804345,
0.641231735,
-0.666761218
],
[
-0.624817695,
-0.709334531,
-0.326262732
],
[
-0.682166774,
0.292688204,
0.670061272
]
],
"t": [
-432.48082,
-72.53425,
152.47536
]
},
{
"id": "H109",
"type": "hex",
"R": [
[
0.658396551,
0.167493893,
-0.733798186
],
[
-0.275703818,
0.960833057,
-0.028057815
],
[
0.700358042,
0.22078413,
0.678787877
]
],
"t": [
-606.86902,
94.9055,
49.03409
]
},
{
"id": "H110",
"type": "hex",
"R": [
[
-0.387343286,
-0.623190638,
-0.679410486
],
[
0.910851502,
-0.144750735,
-0.386518778
],
[
0.142529717,
-0.768557515,
0.623702354
]
],
"t": [
-576.87409,
-3.7101,
41.65025
]
},
{
"id": "H111",
"type": "hex",
"R": [
[
-0.562544826,
0.574335137,
-0.59471209
],
[
-0.684052839,
-0.727329049,
-0.055354927
],
[
-0.464343658,
0.375674865,
0.802030774
]
],
"t": [
-534.00074,
62.63175,
102.27383
]
},
{
"id": "H112",
"type": "hex",
"R": [
[
0.599094571,
-0.785940297,
0.15291679
],
[
-0.755199488,
-0.491214774,
0.434029698
],
[
-0.266006443,
-0.375507518,
-0.887825814
]
],
"t": [
217.43238,
74.34843,
-221.33235
]
},
{
"id": "H113",
"type": "hex",
"R": [
[
-0.888867769,
0.366747122,
0.274609973
],
[
-0.00330378,
-0.604485782,
0.796609079
],
[
0.458151911,
0.707172884,
0.53851958
]
],
"t": [
210.31568,
173.50482,
169.54751
]
},
{
"id": "H114",
"type": "hex",
"R": [
[
0.137760605,
-0.966009181,
0.218742494
],
[
0.626844555,
0.256024879,
0.735878499
],
[
-0.766868907,
0.035742474,
0.640807737
]
],
"t": [
118.56909,
169.99973,
213.52139
]
},
{
"id": "H115",
"type": "hex",
"R": [
[
-0.986023281,
-0.164381925,
-0.027141703
],
[
0.095371682,
-0.423315531,
-0.900948502
],
[
0.136610145,
-0.890944748,
0.43307635
]
],
"t": [
-159.05808,
-244.96158,
187.92671
]
},
{
"id": "H116",
"type": "hex",
"R": [
[
0.327816406,
0.929509489,
-0.168963051
],
[
-0.813254994,
0.186626606,
-0.5511686
],
[
-0.480783443,
0.318092155,
0.817107497
]
],
"t": [
-190.94992,
-178.06958,
264.09401
]
},
{
"id": "H117",
"type": "hex",
"R": [
[
0.633182423,
-0.747261743,
-0.201692603
],
[
0.2949797,
0.473892371,
-0.829706573
],
[
0.715588566,
0.465860395,
0.520487364
]
],
"t": [
-252.32802,
-227.75201,
200.89367
]
},
{
"id": "H118",
"type": "hex",
"R": [
[
0.898797566,
-0.320655,
0.298903506
],
[
0.017177118,
0.707099926,
0.706904973
],
[
-0.438027261,
-0.630230169,
0.641047622
]
],
"t": [
376.31762,
113.50025,
162.98128
]
},
{
"id": "H119",
"type": "hex",
"R": [
[
0.42484528,
0.90364549,
-0.054141642
],
[
0.706858446,
-0.368502282,
-0.603785728
],
[
-0.565559569,
0.21824504,
-0.795305901
]
],
"t": [
172.62878,
-171.65632,
-197.45184
]
},
{
"id": "H120",
"type": "hex",
"R": [
[
0.573257607,
-0.819194523,
-0.017206063
],
[
-0.772170522,
-0.533088243,
-0.34578839
],
[
0.274095606,
0.21151184,
-0.938154753
]
],
"t": [
117.97918,
-101.30559,
-233.77535
]
},
{
"id": "H121",
"type": "hex",
"R": [
[
0.99315717,
0.07494881,
0.089562889
],
[
0.060281182,
-0.985833527,
0.156519762
],
[
0.100025068,
-0.150049767,
-0.983605639
]
],
"t": [
8.58934,
55.2093,
-251.60881
]
},
{
"id": "H122",
"type": "hex",
"R": [
[
0.533589264,
-0.845742919,
-0.001188108
],
[
-0.76299477,
-0.480775481,
-0.432080916
],
[
0.364858162,
0.231460259,
-0.901834059
]
],
"t": [
-343.98602,
-58.03211,
-248.818
]
},
{
"id": "H123",
"type": "hex",
"R": [
[
0.422582404,
0.904421923,
-0.058694952
],
[
0.664578029,
-0.353249321,
-0.658445868
],
[
-0.61624683,
0.239240262,
-0.750335886
]
],
"t": [
-288.56262,
-126.24743,
-205.12249
]
},
{
"id": "H124",
"type": "hex",
"R": [
[
-0.998064234,
-0.061423804,
0.009741703
],
[
-0.060978655,
0.935735455,
-0.347391367
],
[
0.012222442,
-0.347312934,
-0.937669631
]
],
"t": [
-243.52235,
-50.29009,
-251.18668
]
},
{
"id": "H125",
"type": "hex",
"R": [
[
-0.569692898,
0.816608746,
-0.092737034
],
[
0.524957499,
0.274744604,
-0.805565036
],
[
-0.632352454,
-0.507607681,
-0.585204935
]
],
"t": [
-227.57224,
-185.65787,
-147.54696
]
},
{
"id": "H126",
"type": "hex",
"R": [
[
0.980299525,
0.059194964,
-0.18843778
],
[
-0.133742917,
-0.503113206,
-0.853809073
],
[
-0.145346733,
0.862190848,
-0.48528473
]
],
"t": [
-328.91789,
-180.28672,
-136.30646
]
},
{
"id": "H127",
"type": "hex",
"R": [
[
-0.67438813,
-0.616519395,
-0.406330514
],
[
0.026283753,
-0.569997598,
0.821225854
],
[
-0.737909083,
0.543145077,
0.400604057
]
],
"t": [
-540.14279,
242.55635,
15.23655
]
},
{
"id": "H128",
"type": "hex",
"R": [
[
-0.868783129,
0.393687313,
0.300376721
],
[
0.074096998,
-0.496405262,
0.864922801
],
[
0.489617718,
0.77368735,
0.402097469
]
],
"t": [
299.37308,
169.40235,
122.33593
]
},
{
"id": "H129",
"type": "hex",
"R": [
[
-0.629234323,
-0.714366008,
0.306178662
],
[
0.774706564,
-0.544855182,
0.320877813
],
[
-0.062401171,
0.439105953,
0.896265617
]
],
"t": [
352.30645,
38.2141,
222.00541
]
},
{
"id": "H130",
"type": "hex",
"R": [
[
0.913543124,
-0.272564978,
0.301906101
],
[
0.031877633,
0.787950236,
0.614913199
],
[
-0.405490787,
-0.552125673,
0.728515246
]
],
"t": [
285.38801,
113.15157,
203.12031
]
},
{
"id": "H131",
"type": "hex",
"R": [
[
0.989163804,
0.134681356,
-0.058445713
],
[
0.028668453,
-0.567611959,
-0.822796928
],
[
-0.143989891,
0.812205391,
-0.56532231
]
],
"t": [
230.09128,
-228.29164,
-143.22932
]
},
{
"id": "H132",
"type": "hex",
"R": [
[
0.984794738,
0.170163234,
-0.034982811
],
[
0.007794875,
-0.244451969,
-0.969630071
],
[
-0.173547006,
0.954613906,
-0.242061414
]
],
"t": [
191.71584,
-265.06929,
-56.47167
]
},
{
"id": "H133",
"type": "hex",
"R": [
[
-0.639287362,
0.562454791,
-0.524362735
],
[
0.398309075,
-0.341089256,
-0.851474016
],
[
-0.657770135,
-0.753195013,
-0.005976796
]
],
"t": [
-522.66297,
-117.62775,
-76.14828
]
},
{
"id": "H134",
"type": "hex",
"R": [
[
-0.269524959,
-0.725399017,
-0.633366057
],
[
-0.143265684,
0.680590808,
-0.718520073
],
[
0.952276872,
-0.102919472,
-0.287360996
]
],
"t": [
-582.24897,
-68.91558,
-137.84797
]
},
{
"id": "H135",
"type": "hex",
"R": [
[
0.607753439,
0.412975146,
-0.678297343
],
[
-0.729877765,
-0.046077007,
-0.682022989
],
[
-0.312912455,
0.909575966,
0.273417917
]
],
"t": [
-593.88524,
-59.90839,
-38.39742
]
},
{
"id": "H136",
"type": "hex",
"R": [
[
0.569744915,
-0.820729959,
0.042344612
],
[
-0.820928698,
-0.570771125,
-0.017216158
],
[
0.038298899,
-0.024953089,
-0.998954723
]
],
"t": [
-198.28158,
37.67562,
-265.86468
]
},
{
"id": "H137",
"type": "hex",
"R": [
[
0.446172239,
0.894842328,
0.013694586
],
[
0.86161265,
-0.425365739,
-0.276925313
],
[
-0.241979284,
0.135355815,
-0.960793854
]
],
"t": [
-141.83526,
-42.87451,
-252.09586
]
},
{
"id": "H138",
"type": "hex",
"R": [
[
-0.99594434,
-0.064588701,
0.062635226
],
[
-0.061211346,
0.996640181,
0.054419863
],
[
-0.065939691,
0.050365168,
-0.996551708
]
],
"t": [
-95.23905,
46.05278,
-260.43421
]
},
{
"id": "H139",
"type": "hex",
"R": [
[
0.582405186,
-0.81004013,
0.068111579
],
[
-0.730972406,
-0.48520945,
0.479844904
],
[
-0.355645247,
-0.329251845,
-0.874705482
]
],
"t": [
-215.14189,
200.12053,
-224.61748
]
},
{
"id": "H140",
"type": "hex",
"R": [
[
0.421226628,
0.903065145,
0.083913474
],
[
0.858627243,
-0.426869718,
0.283798348
],
[
0.292108517,
-0.047493026,
-0.955205227
]
],
"t": [
-153.77438,
125.28575,
-251.52421
]
},
{
"id": "H141",
"type": "hex",
"R": [
[
-0.980009833,
-0.118948117,
0.159474366
],
[
-0.013593669,
0.839745679,
0.542809734
],
[
-0.198484105,
0.529791035,
-0.824575964
]
],
"t": [
-111.61335,
203.43441,
-209.53501
]
},
{
"id": "H142",
"type": "hex",
"R": [
[
-0.751868723,
-0.577265814,
-0.318524102
],
[
0.16103364,
-0.629270641,
0.760320082
],
[
-0.639344657,
0.520367793,
0.566088128
]
],
"t": [
-387.29097,
268.79858,
75.23362
]
},
{
"id": "H143",
"type": "hex",
"R": [
[
0.911793798,
-0.243266225,
-0.330837746
],
[
0.375220181,
0.166183455,
0.911917143
],
[
-0.166858881,
-0.955617394,
0.242803441
]
],
"t": [
-455.04484,
280.07581,
1.32649
]
},
{
"id": "H144",
"type": "hex",
"R": [
[
-0.271215595,
0.896418211,
-0.350537433
],
[
-0.248543857,
0.286612048,
0.925245635
],
[
0.929875289,
0.33806497,
0.145065582
]
],
"t": [
-372.41576,
318.19887,
-12.92817
]
},
{
"id": "H145",
"type": "hex",
"R": [
[
0.155161685,
-0.98509169,
-0.074291417
],
[
0.653221462,
0.04589152,
0.755774894
],
[
-0.741098221,
-0.165796054,
0.650603639
]
],
"t": [
-223.27956,
276.41311,
125.31129
]
},
{
"id": "H146",
"type": "hex",
"R": [
[
-0.906269127,
0.396058794,
0.147694622
],
[
-0.070980764,
-0.487035759,
0.870492907
],
[
0.416698933,
0.778417369,
0.469498028
]
],
"t": [
-128.81899,
294.84382,
93.26994
]
},
{
"id": "H147",
"type": "hex",
"R": [
[
-0.675719463,
0.688446678,
0.263523014
],
[
-0.729742669,
-0.574137335,
-0.371270734
],
[
-0.104301702,
-0.443178849,
0.890344688
]
],
"t": [
32.72684,
-77.63563,
341.66153
]
},
{
"id": "H148",
"type": "hex",
"R": [
[
-0.314956012,
-0.924819521,
0.213334397
],
[
0.693740404,
-0.377718179,
-0.61323179
],
[
0.64770901,
-0.045142348,
0.760549279
]
],
"t": [
65.38464,
-150.32768,
285.50505
]
},
{
"id": "H149",
"type": "hex",
"R": [
[
-0.412337413,
-0.908854322,
-0.06294187
],
[
-0.614774849,
0.328572059,
-0.717002292
],
[
0.672331572,
-0.256951792,
-0.694223331
]
],
"t": [
-29.14097,
-183.69415,
-171.0745
]
},
{
"id": "H150",
"type": "hex",
"R": [
[
-0.618718195,
0.782708976,
-0.067486697
],
[
0.416567414,
0.254026964,
-0.872892829
],
[
-0.666077612,
-0.568187434,
-0.483222159
]
],
"t": [
29.86977,
-234.46364,
-109.5757
]
},
{
"id": "H151",
"type": "hex",
"R": [
[
0.98620329,
0.146506106,
-0.077065117
],
[
-0.002531003,
-0.45214198,
-0.891942388
],
[
-0.165519381,
0.87983157,
-0.4455331
]
],
"t": [
-69.39341,
-235.52353,
-92.45054
]
},
{
"id": "H152",
"type": "hex",
"R": [
[
0.233125833,
-0.383836037,
-0.893488804
],
[
0.500726879,
0.83501896,
-0.228070007
],
[
0.83362158,
-0.39422485,
0.386861512
]
],
"t": [
-641.92352,
35.14211,
-22.89149
]
},
{
"id": "H153",
"type": "hex",
"R": [
[
0.996830977,
0.070437835,
0.036966397
],
[
0.073391486,
-0.993606242,
-0.085792339
],
[
0.030687016,
0.08823348,
-0.995627019
]
],
"t": [
63.9398,
-23.96846,
-250.98991
]
},
{
"id": "H154",
"type": "hex",
"R": [
[
0.897844895,
-0.417769376,
-0.139080166
],
[
0.408922506,
0.674023784,
0.615202668
],
[
-0.163269495,
-0.609229585,
0.776004114
]
],
"t": [
-150.94279,
166.55778,
241.01365
]
},
{
"id": "H155",
"type": "hex",
"R": [
[
-0.119880869,
0.992102409,
0.036896979
],
[
-0.660862574,
-0.107479617,
0.742771022
],
[
0.740870593,
0.064660203,
0.668528101
]
],
"t": [
-57.36605,
200.27963,
215.57962
]
},
{
"id": "H156",
"type": "hex",
"R": [
[
-0.804822309,
-0.589992409,
-0.064575606
],
[
0.425517284,
-0.649435777,
0.630212831
],
[
-0.413758495,
0.479731309,
0.773732369
]
],
"t": [
-71.43201,
128.01937,
281.7951
]
},
{
"id": "H157",
"type": "hex",
"R": [
[
-0.978815599,
-0.204286538,
-0.013676059
],
[
0.147373958,
-0.656606222,
-0.739695333
],
[
0.142130013,
-0.726040825,
0.672802928
]
],
"t": [
-97.71456,
-199.50703,
254.45616
]
},
{
"id": "H158",
"type": "hex",
"R": [
[
-0.783058707,
-0.241352597,
-0.573208501
],
[
0.571235493,
0.085418663,
-0.816329384
],
[
0.245985921,
-0.966670873,
0.070981342
]
],
"t": [
-387.02299,
-199.93221,
43.35837
]
},
{
"id": "H159",
"type": "hex",
"R": [
[
-0.090113521,
0.686259232,
-0.721753296
],
[
-0.499322094,
-0.658170761,
-0.563461353
],
[
-0.861717471,
0.309611881,
0.401974482
]
],
"t": [
-392.13016,
-164.2283,
133.28282
]
},
{
"id": "H160",
"type": "hex",
"R": [
[
-0.637418091,
0.769485837,
-0.039871333
],
[
-0.028100209,
-0.074926719,
-0.99679304
],
[
-0.770005556,
-0.634253524,
0.069382359
]
],
"t": [
-133.7523,
-269.03124,
94.60727
]
},
{
"id": "H161",
"type": "hex",
"R": [
[
-0.284788828,
-0.848767147,
-0.445521777
],
[
0.275154361,
0.372828964,
-0.886165132
],
[
0.918251273,
-0.37495719,
0.127364458
]
],
"t": [
-320.65833,
-233.88103,
113.91201
]
},
{
"id": "P007",
"type": "pent",
"R": [
[
0.756224749,
0.189629437,
-0.626230632
],
[
-0.598144547,
0.588312754,
-0.54416101
],
[
0.265230522,
0.786084461,
0.558322479
]
],
"t": [
-336.75491,
-193.4295,
195.00822
]
},
{
"id": "H162",
"type": "hex",
"R": [
[
-0.567831314,
0.822876835,
0.021007449
],
[
0.805231097,
0.560588176,
-0.193245378
],
[
-0.170793673,
-0.092814926,
-0.980925538
]
],
"t": [
-39.36511,
-34.05202,
-252.52348
]
},
{
"id": "H163",
"type": "hex",
"R": [
[
0.985356329,
0.061750844,
0.158933125
],
[
-0.061763199,
-0.739550983,
0.670260882
],
[
0.158928324,
-0.670262021,
-0.724907312
]
],
"t": [
-173.5616,
268.97183,
-170.6045
]
},
{
"id": "H164",
"type": "hex",
"R": [
[
-0.653689186,
0.705922306,
0.272697903
],
[
0.597044548,
0.259656822,
0.75902315
],
[
0.465003502,
0.658978021,
-0.591201921
]
],
"t": [
-71.86021,
262.61507,
-143.36592
]
},
{
"id": "H165",
"type": "hex",
"R": [
[
-0.343517694,
-0.873532595,
0.344871568
],
[
-0.290582341,
0.448060558,
0.845460608
],
[
-0.893060746,
0.190217091,
-0.407749876
]
],
"t": [
-135.82055,
317.80744,
-96.62506
]
},
{
"id": "P008",
"type": "pent",
"R": [
[
0.138019111,
-0.503134666,
-0.853115604
],
[
-0.337561254,
-0.833683618,
0.437062952
],
[
-0.931130026,
0.227655732,
-0.284903041
]
],
"t": [
-641.29735,
169.59268,
-120.24458
]
},
{
"id": "H166",
"type": "hex",
"R": [
[
-0.484146337,
0.843804024,
-0.231510462
],
[
0.419883939,
0.45618192,
0.784598964
],
[
0.76765865,
0.282653189,
-0.575158562
]
],
"t": [
-473.09124,
237.38702,
-170.23149
]
},
{
"id": "H167",
"type": "hex",
"R": [
[
0.701195265,
0.653358516,
0.285390697
],
[
-0.679902297,
0.492277038,
0.543503618
],
[
0.214611431,
-0.575139954,
0.789402285
]
],
"t": [
193.53882,
108.05795,
242.78814
]
},
{
"id": "H168",
"type": "hex",
"R": [
[
-0.936585028,
0.14702542,
0.318106919
],
[
-0.065641761,
-0.965270485,
0.252871607
],
[
0.344237775,
0.215954663,
0.913708891
]
],
"t": [
259.45921,
31.99591,
255.64342
]
},
{
"id": "H169",
"type": "hex",
"R": [
[
-0.626997619,
-0.460953151,
-0.628009696
],
[
0.728511885,
-0.061392042,
-0.682276667
],
[
0.275942782,
-0.885298373,
0.374302513
]
],
"t": [
-525.79514,
-91.96388,
18.32072
]
},
{
"id": "H170",
"type": "hex",
"R": [
[
-0.975317021,
-0.203405531,
0.085923792
],
[
0.053530631,
-0.595332589,
-0.801694194
],
[
0.214222267,
-0.777306438,
0.591526434
]
],
"t": [
-0.9873,
-209.35686,
236.56166
]
},
{
"id": "H171",
"type": "hex",
"R": [
[
-0.988032371,
-0.140680416,
-0.063253886
],
[
-0.02055601,
0.526516253,
-0.849916517
],
[
0.152870809,
-0.838444784,
-0.52310693
]
],
"t": [
129.83637,
-231.90709,
-126.70937
]
},
{
"id": "H172",
"type": "hex",
"R": [
[
0.346049858,
0.937335553,
-0.040639364
],
[
0.196269714,
-0.114680975,
-0.973820555
],
[
-0.91745719,
0.329014188,
-0.223655916
]
],
"t": [
92.27639,
-265.68019,
-38.26608
]
},
{
"id": "H173",
"type": "hex",
"R": [
[
0.981040507,
0.193361173,
0.013075941
],
[
-0.000753298,
0.071274379,
-0.997456463
],
[
-0.193801331,
0.978535344,
0.070068712
]
],
"t": [
158.12207,
-272.73202,
38.15246
]
},
{
"id": "H174",
"type": "hex",
"R": [
[
-0.112517838,
-0.292335932,
-0.949673333
],
[
0.407849574,
-0.885110311,
0.224139383
],
[
-0.906089654,
-0.362104185,
0.218819784
]
],
"t": [
-654.43058,
133.48183,
-31.49731
]
},
{
"id": "H175",
"type": "hex",
"R": [
[
0.209653463,
0.783194953,
-0.585364067
],
[
-0.973156568,
0.225261795,
-0.047153123
],
[
0.094930072,
0.579536702,
