{
"description": "HIV-1 CA pseudo-atomic capsid -- per-capsomer instance transforms",
"frame": "Angstrom; world = R @ canonical_template + t",
"hexamer_template": "RCSB 3H47 (canonical: centroid origin, axis +z, NTD out)",
"pentamer_template": "RCSB 3P05 (canonical)",
"spacing_A": 95.5,
"azimuth_deg": 30.0,
"cage": "mesh5_best.json",
"mesh_surface_obj": "mesh5_surface.obj",
"n_capsomers": 184,
"capsomers": [
{
"id": "P001",
"type": "pent",
"R": [
[
-0.054046935,
-0.755846211,
-0.652514701
],
[
0.940482402,
-0.258103641,
0.221077729
],
[
-0.335517183,
-0.60173002,
0.72480977
]
],
"t": [
-88.27019,
-33.13521,
570.17004
]
},
{
"id": "P002",
"type": "pent",
"R": [
[
0.618113212,
-0.01817144,
-0.785879034
],
[
-0.158148002,
0.976417258,
-0.146964446
],
[
0.770016407,
0.215125864,
0.60066263
]
],
"t": [
-103.86098,
-113.95934,
544.81969
]
},
{
"id": "P003",
"type": "pent",
"R": [
[
-0.611567926,
0.500021197,
0.613158605
],
[
-0.201761031,
-0.847920344,
0.490228086
],
[
0.76503409,
0.176096261,
0.619445678
]
],
"t": [
125.40523,
-33.59377,
589.32991
]
},
{
"id": "P004",
"type": "pent",
"R": [
[
-0.356138254,
-0.095744253,
0.92951524
],
[
0.546067754,
-0.828531053,
0.123880196
],
[
0.758271424,
0.551696776,
0.347354451
]
],
"t": [
156.3121,
-74.11423,
525.58357
]
},
{
"id": "P005",
"type": "pent",
"R": [
[
-0.719399849,
0.052284576,
-0.692625571
],
[
0.693838451,
0.00752811,
-0.720091336
],
[
-0.032435509,
-0.998603851,
-0.04169277
]
],
"t": [
-190.7446,
-235.78059,
-38.40595
]
},
{
"id": "P006",
"type": "pent",
"R": [
[
-0.849457062,
0.286000768,
0.443425597
],
[
-0.494472192,
-0.138143905,
-0.858145392
],
[
-0.184173698,
-0.94821929,
0.258766743
]
],
"t": [
117.00105,
-192.36012,
522.99473
]
},
{
"id": "P007",
"type": "pent",
"R": [
[
0.693437599,
0.548905711,
-0.466740631
],
[
0.356136429,
0.302006474,
0.884284419
],
[
0.62634746,
-0.779419406,
0.013937325
]
],
"t": [
-104.72489,
307.18522,
-323.00926
]
},
{
"id": "P008",
"type": "pent",
"R": [
[
-0.875117016,
-0.433614195,
0.214823039
],
[
-0.419574595,
0.458726536,
-0.783279723
],
[
0.241096178,
-0.775595703,
-0.583372897
]
],
"t": [
35.81833,
-211.484,
-282.9696
]
},
{
"id": "P009",
"type": "pent",
"R": [
[
0.369768725,
-0.25600022,
-0.893160107
],
[
-0.038773124,
-0.964707088,
0.260455138
],
[
-0.928314459,
-0.061677556,
-0.366644438
]
],
"t": [
-172.22967,
206.30599,
-404.8051
]
},
{
"id": "P010",
"type": "pent",
"R": [
[
0.268669412,
-0.537908408,
0.799043986
],
[
-0.603796789,
0.552285693,
0.57481297
],
[
-0.750497291,
-0.636894856,
-0.176405097
]
],
"t": [
181.47082,
219.07635,
-380.32745
]
},
{
"id": "P011",
"type": "pent",
"R": [
[
0.841262674,
0.039518098,
0.539180335
],
[
-0.17317097,
-0.925079431,
0.337993879
],
[
0.512141512,
-0.377712016,
-0.771391408
]
],
"t": [
134.79637,
174.09784,
-512.31975
]
},
{
"id": "P012",
"type": "pent",
"R": [
[
-0.257314642,
0.946613295,
-0.194196923
],
[
0.933369321,
0.191430202,
-0.303605318
],
[
-0.250221674,
-0.259379544,
-0.932797602
]
],
"t": [
-20.11373,
86.31671,
-535.60014
]
},
{
"id": "H001",
"type": "hex",
"R": [
[
-0.754765773,
0.18994196,
-0.627893844
],
[
-0.655422057,
-0.178376405,
0.733896304
],
[
0.027396256,
0.965455286,
0.259124555
]
],
"t": [
-106.14467,
69.92268,
340.34998
]
},
{
"id": "H002",
"type": "hex",
"R": [
[
0.433912133,
0.363699358,
-0.824283348
],
[
0.283747938,
0.813175331,
0.5081663
],
[
0.855106641,
-0.454388224,
0.249647699
]
],
"t": [
-156.80662,
41.96909,
255.5711
]
},
{
"id": "H003",
"type": "hex",
"R": [
[
-0.03047998,
-0.360901952,
-0.932105548
],
[
0.599782257,
-0.752592263,
0.27178324
],
[
-0.799582525,
-0.550776421,
0.239401585
]
],
"t": [
-163.87848,
-9.03097,
336.20501
]
},
{
"id": "H004",
"type": "hex",
"R": [
[
0.674560238,
0.556788944,
-0.484721113
],
[
0.143961897,
0.544784441,
0.826126434
],
[
0.724046585,
-0.627053415,
0.28733353
]
],
"t": [
-93.83973,
114.57062,
255.89246
]
},
{
"id": "H005",
"type": "hex",
"R": [
[
-0.163067618,
-0.196519916,
-0.966844804
],
[
0.618031218,
-0.784215888,
0.055162071
],
[
-0.769055502,
-0.588545124,
0.24933566
]
],
"t": [
-192.59344,
-47.14803,
246.7816
]
},
{
"id": "H006",
"type": "hex",
"R": [
[
-0.13504344,
0.594544471,
-0.792641244
],
[
-0.584625354,
0.59806898,
0.548203147
],
[
0.79998529,
0.537429407,
0.266820479
]
],
"t": [
-121.02738,
17.41076,
418.68646
]
},
{
"id": "H007",
"type": "hex",
"R": [
[
-0.183802575,
0.668189423,
-0.720929614
],
[
-0.530931503,
0.549748892,
0.644893708
],
[
0.827241411,
0.501297368,
0.253717552
]
],
"t": [
-144.64443,
93.22525,
175.14153
]
},
{
"id": "H008",
"type": "hex",
"R": [
[
-0.938396584,
0.299213205,
-0.172867893
],
[
-0.244800079,
-0.222536626,
0.943689764
],
[
0.243895001,
0.927873325,
0.282075026
]
],
"t": [
-25.57665,
119.97604,
322.06675
]
},
{
"id": "H009",
"type": "hex",
"R": [
[
-0.394663256,
0.042154053,
-0.91785835
],
[
0.654458956,
-0.688262113,
-0.313015555
],
[
-0.644922002,
-0.724236356,
0.244043669
]
],
"t": [
-161.55954,
-106.13187,
314.75361
]
},
{
"id": "H010",
"type": "hex",
"R": [
[
0.332367006,
0.193114548,
-0.923167885
],
[
0.358828581,
0.879313391,
0.313129382
],
[
0.872223723,
-0.435332897,
0.22295974
]
],
"t": [
-197.37044,
12.97569,
169.67107
]
},
{
"id": "H011",
"type": "hex",
"R": [
[
-0.911102182,
0.26025473,
-0.319625234
],
[
-0.375847354,
-0.20623033,
0.903442205
],
[
0.16920869,
0.943258462,
0.285712955
]
],
"t": [
-48.93417,
81.95626,
420.39252
]
},
{
"id": "H012",
"type": "hex",
"R": [
[
-0.066679014,
-0.256117785,
-0.964343087
],
[
0.975646758,
0.185679891,
-0.116774919
],
[
0.208967253,
-0.948644643,
0.237499535
]
],
"t": [
-152.48773,
-74.50313,
403.67267
]
},
{
"id": "H013",
"type": "hex",
"R": [
[
0.68798801,
0.630907782,
-0.358647277
],
[
0.03551273,
0.464333863,
0.88494797
],
[
0.724852636,
-0.621570137,
0.297050873
]
],
"t": [
-72.63387,
155.57801,
162.01454
]
},
{
"id": "H014",
"type": "hex",
"R": [
[
-0.962498638,
0.26898225,
-0.035283452
],
[
-0.113630715,
-0.281625693,
0.952772286
],
[
0.246342106,
0.921051311,
0.301628991
]
],
"t": [
-4.64018,
140.97718,
226.79624
]
},
{
"id": "H015",
"type": "hex",
"R": [
[
-0.514587975,
0.098426877,
-0.85176955
],
[
0.608046478,
-0.658513689,
-0.44344019
],
[
-0.604548341,
-0.746104464,
0.27901511
]
],
"t": [
-174.50488,
-139.63608,
221.11773
]
},
{
"id": "H016",
"type": "hex",
"R": [
[
0.208196629,
-0.166690712,
-0.963778175
],
[
0.330938879,
0.93925808,
-0.090959976
],
[
0.920398621,
-0.300014109,
0.250714803
]
],
"t": [
-211.93466,
-83.48941,
155.02037
]
},
{
"id": "H017",
"type": "hex",
"R": [
[
-0.717561194,
-0.491493983,
-0.493497313
],
[
-0.033790368,
-0.683143186,
0.729502295
],
[
-0.695675315,
0.540137993,
0.473589278
]
],
"t": [
-71.97772,
39.90396,
508.19402
]
},
{
"id": "H018",
"type": "hex",
"R": [
[
-0.454687402,
0.068582981,
-0.888006611
],
[
-0.422102553,
-0.894543509,
0.147041983
],
[
-0.784275973,
0.441687995,
0.435686716
]
],
"t": [
-123.6181,
-40.47705,
493.723
]
},
{
"id": "H019",
"type": "hex",
"R": [
[
-0.565396892,
-0.538737627,
-0.624570352
],
[
-0.202455882,
-0.643411217,
0.738263924
],
[
-0.799586125,
0.543860069,
0.254712101
]
],
"t": [
-132.41563,
140.96433,
88.55148
]
},
{
"id": "H020",
"type": "hex",
"R": [
[
0.401784833,
0.297551546,
-0.866043894
],
[
0.409501954,
0.787525793,
0.460555399
],
[
0.819070875,
-0.539690841,
0.194567979
]
],
"t": [
-193.86167,
66.54749,
91.8871
]
},
{
"id": "H021",
"type": "hex",
"R": [
[
-0.726055442,
-0.642776434,
0.244298896
],
[
0.386773339,
-0.087994144,
0.917967001
],
[
-0.568550684,
0.760983236,
0.312497415
]
],
"t": [
42.77718,
97.29304,
388.44607
]
},
{
"id": "H022",
"type": "hex",
"R": [
[
-0.09302816,
0.935138587,
0.341850236
],
[
-0.27448007,
-0.35412163,
0.894012619
],
[
0.95708226,
-0.010662728,
0.289620189
]
],
"t": [
65.75771,
127.06237,
285.53401
]
},
{
"id": "H023",
"type": "hex",
"R": [
[
-0.587091653,
-0.299088188,
-0.752243077
],
[
0.765751575,
0.096232662,
-0.635896061
],
[
0.262579354,
-0.94936059,
0.172529858
]
],
"t": [
-117.37287,
-163.59852,
377.83443
]
},
{
"id": "H024",
"type": "hex",
"R": [
[
-0.083577711,
0.766606,
-0.636655328
],
[
-0.225883102,
-0.63683483,
-0.73716906
],
[
-0.970562512,
0.082198778,
0.226388539
]
],
"t": [
-118.22466,
-186.51155,
279.32727
]
},
{
"id": "H025",
"type": "hex",
"R": [
[
-0.184431325,
0.145710964,
-0.97198426
],
[
-0.979447121,
-0.109415737,
0.169444779
],
[
-0.081660412,
0.98325811,
0.162895874
]
],
"t": [
-224.96718,
-24.17295,
78.30022
]
},
{
"id": "H026",
"type": "hex",
"R": [
[
0.747301087,
0.643606634,
0.165262172
],
[
-0.403934918,
0.242525406,
0.882053292
],
[
0.527615075,
-0.725914546,
0.441214692
]
],
"t": [
22.56266,
65.63699,
494.63586
]
},
{
"id": "H027",
"type": "hex",
"R": [
[
0.011550131,
0.527421828,
-0.84952505
],
[
-0.449440194,
-0.756189129,
-0.475585442
],
[
-0.893235751,
0.387303777,
0.228310485
]
],
"t": [
-114.22163,
-138.32116,
466.962
]
},
{
"id": "H028",
"type": "hex",
"R": [
[
0.75667714,
0.647740371,
0.088724957
],
[
-0.262770642,
0.177044769,
0.948476009
],
[
0.598657912,
-0.741004428,
0.304172883
]
],
"t": [
23.33497,
174.34864,
137.52592
]
},
{
"id": "H029",
"type": "hex",
"R": [
[
-0.674859202,
-0.698623568,
-0.237676603
],
[
0.066648823,
-0.378465156,
0.923212901
],
[
-0.734930603,
0.607197856,
0.301973132
]
],
"t": [
-47.3364,
188.08397,
71.74223
]
},
{
"id": "H030",
"type": "hex",
"R": [
[
-0.82294398,
0.368093997,
0.432747057
],
[
0.249382529,
-0.450354411,
0.857315146
],
[
0.510462104,
0.813441893,
0.27882024
]
],
"t": [
85.86791,
140.52743,
197.18124
]
},
{
"id": "H031",
"type": "hex",
"R": [
[
0.091318209,
-0.612698363,
-0.785023376
],
[
0.365870865,
0.753825583,
-0.545788879
],
[
0.926174657,
-0.237376719,
0.293006482
]
],
"t": [
-190.708,
-175.93429,
132.35111
]
},
{
"id": "H032",
"type": "hex",
"R": [
[
-0.693493178,
-0.499772015,
-0.518936552
],
[
0.580828561,
0.038334451,
-0.813122778
],
[
0.426269157,
-0.865308271,
0.26369718
]
],
"t": [
-123.58432,
-218.33296,
183.815
]
},
{
"id": "H033",
"type": "hex",
"R": [
[
-0.265258165,
0.055701327,
-0.962567124
],
[
0.570500386,
-0.795747169,
-0.203262768
],
[
-0.777282069,
-0.603062025,
0.179300805
]
],
"t": [
-232.48384,
-120.80994,
66.65738
]
},
{
"id": "H034",
"type": "hex",
"R": [
[
0.55333663,
0.80972861,
0.19534112
],
[
-0.582016242,
0.208085412,
0.786102764
],
[
0.595882261,
-0.548671158,
0.586416483
]
],
"t": [
65.77475,
2.93955,
536.17506
]
},
{
"id": "H035",
"type": "hex",
"R": [
[
0.562261025,
-0.136011369,
-0.815698135
],
[
0.826772193,
0.113465547,
0.550974873
],
[
0.017614788,
-0.984188233,
0.176247673
]
],
"t": [
-180.45856,
117.31264,
10.3321
]
},
{
"id": "H036",
"type": "hex",
"R": [
[
-0.210645906,
0.82227763,
-0.528666059
],
[
-0.430818538,
0.407363293,
0.805264264
],
[
0.877509937,
0.397384759,
0.268443036
]
],
"t": [
-110.54166,
183.51203,
-0.62803
]
},
{
"id": "H037",
"type": "hex",
"R": [
[
0.298007589,
-0.055120685,
-0.952970717
],
[
0.951592915,
0.095853892,
0.292032455
],
[
0.075248923,
-0.99386807,
0.08101764
]
],
"t": [
-221.45911,
30.31962,
1.25256
]
},
{
"id": "H038",
"type": "hex",
"R": [
[
0.678894083,
0.473011549,
0.561571811
],
[
-0.598353692,
-0.086846909,
0.79651144
],
[
0.425529886,
-0.87676547,
0.224068354
]
],
"t": [
123.57038,
77.8144,
337.56909
]
},
{
"id": "H039",
"type": "hex",
"R": [
[
0.068256362,
-0.919694161,
0.386657108
],
[
0.301394834,
0.388461356,
0.870780644
],
[
-0.951053218,
0.057100136,
0.303706028
]
],
"t": [
92.66382,
45.14755,
436.76264
]
},
{
"id": "H040",
"type": "hex",
"R": [
[
-0.620161223,
0.374472573,
0.689326012
],
[
0.409664751,
-0.594781244,
0.691671933
],
[
0.669010351,
0.71134068,
0.215452051
]
],
"t": [
137.80381,
80.32184,
242.39102
]
},
{
"id": "H041",
"type": "hex",
"R": [
[
0.054389955,
-0.947609567,
-0.314766327
],
[
0.126146208,
0.319228177,
-0.939244646
],
[
0.990519493,
0.011378895,
0.13690016
]
],
"t": [
-46.40874,
-215.2401,
331.70412
]
},
{
"id": "H042",
"type": "hex",
"R": [
[
-0.092375716,
-0.904255506,
-0.416879728
],
[
0.182630459,
0.396180747,
-0.899826056
],
[
0.978832387,
-0.159257013,
0.128547118
]
],
"t": [
-47.89165,
-203.82578,
432.68404
]
},
{
"id": "H043",
"type": "hex",
"R": [
[
-0.89147221,
0.411087106,
-0.190485406
],
[
0.09459612,
-0.242283523,
-0.965582865
],
[
-0.44309014,
-0.878809471,
0.177101783
]
],
"t": [
-45.8067,
-235.70436,
233.64894
]
},
{
"id": "H044",
"type": "hex",
"R": [
[
-0.04223419,
-0.001500863,
-0.999106611
],
[
-0.986886849,
-0.155866598,
0.04195178
],
[
-0.155790312,
0.987776974,
0.005101717
]
],
"t": [
-233.8331,
-62.51146,
-12.96428
]
},
{
"id": "H045",
"type": "hex",
"R": [
[
-0.691497729,
0.118272979,
0.712630615
],
[
0.508433823,
-0.621093897,
0.596437271
],
[
0.513152939,
0.774760526,
0.369351036
]
],
"t": [
149.32404,
5.6885,
487.53227
]
},
{
"id": "H046",
"type": "hex",
"R": [
[
-0.729215334,
-0.499182658,
-0.468040244
],
[
0.606183995,
-0.153915608,
-0.780289017
],
[
0.317468047,
-0.852717221,
0.414834159
]
],
"t": [
-48.37827,
-189.48789,
535.93378
]
},
{
"id": "H047",
"type": "hex",
"R": [
[
0.68951904,
0.500929833,
0.523099223
],
[
-0.585540765,
-0.039528043,
0.809678668
],
[
0.426269289,
-0.864584777,
0.266059499
]
],
"t": [
106.48667,
164.45281,
91.07723
]
},
{
"id": "H048",
"type": "hex",
"R": [
[
-0.094595393,
0.974492237,
0.203510666
],
[
-0.290525075,
-0.222551577,
0.930626658
],
[
0.952180074,
0.028908043,
0.304166784
]
],
"t": [
42.49646,
206.19109,
38.36741
]
},
{
"id": "H049",
"type": "hex",
"R": [
[
-0.031337597,
0.99274403,
-0.116091544
],
[
-0.32409192,
0.09978072,
0.940748763
],
[
0.945506416,
0.067105138,
0.318613431
]
],
"t": [
-26.22148,
229.21184,
-18.21031
]
},
{
"id": "H050",
"type": "hex",
"R": [
[
-0.596779652,
0.207167217,
0.775200484
],
[
0.590872436,
-0.540173748,
0.599234583
],
[
0.542884712,
0.815655605,
0.199955303
]
],
"t": [
156.02374,
98.26644,
140.47077
]
},
{
"id": "H051",
"type": "hex",
"R": [
[
-0.578594443,
-0.347093282,
-0.738075012
],
[
0.737697079,
0.16328866,
-0.655087653
],
[
0.347895803,
-0.923505856,
0.161571789
]
],
"t": [
-185.67615,
-202.39605,
39.75384
]
},
{
"id": "H052",
"type": "hex",
"R": [
[
-0.837061931,
-0.37757931,
-0.395930788
],
[
0.457712104,
-0.08685557,
-0.884847862
],
[
0.299711451,
-0.921894774,
0.245526112
]
],
"t": [
-127.20587,
-249.95582,
96.51965
]
},
{
"id": "H053",
"type": "hex",
"R": [
[
-0.899354148,
0.434192474,
-0.051371327
],
[
-0.032130485,
-0.182811375,
-0.982622834
],
[
-0.436038702,
-0.882075335,
0.178362983
]
],
"t": [
-40.94107,
-248.55156,
135.41196
]
},
{
"id": "H054",
"type": "hex",
"R": [
[
-0.158125007,
0.314932637,
-0.935849302
],
[
0.521725919,
-0.778023338,
-0.349973928
],
[
-0.83833081,
-0.543596467,
-0.041283574
]
],
"t": [
-232.88303,
-155.04383,
-28.34288
]
},
{
"id": "H055",
"type": "hex",
"R": [
[
0.187660151,
-0.9809776,
0.049665043
],
[
0.780204403,
0.179588293,
0.599190399
],
[
-0.59671162,
-0.073695275,
0.799064609
]
],
"t": [
-2.06362,
-6.8897,
589.28311
]
},
{
"id": "H056",
"type": "hex",
"R": [
[
-0.284368284,
0.870817002,
-0.401014248
],
[
-0.928862768,
-0.353820903,
-0.109657317
],
[
-0.23737868,
0.341304141,
0.909484934
]
],
"t": [
-30.93541,
-105.86469,
606.03426
]
},
{
"id": "H057",
"type": "hex",
"R": [
[
-0.172133213,
0.616131054,
-0.768604372
],
[
-0.495670391,
0.620103501,
0.608097452
],
[
0.851281986,
0.485648198,
0.198657512
]
],
"t": [
-163.74592,
169.24055,
-77.57345
]
},
{
"id": "H058",
"type": "hex",
"R": [
[
0.189162219,
0.282189642,
-0.940524673
],
[
0.398609998,
0.853282133,
0.336183983
],
[
0.897400537,
-0.438495846,
0.04892513
]
],
"t": [
-210.31545,
82.90463,
-77.27452
]
},
{
"id": "H059",
"type": "hex",
"R": [
[
0.654494036,
0.629450697,
-0.418842902
],
[
0.046209708,
0.519637405,
0.853136349
],
[
0.754653708,
-0.577727261,
0.31101285
]
],
"t": [
-88.54068,
233.0262,
-86.80371
]
},
{
"id": "H060",
"type": "hex",
"R": [
[
0.049341009,
-0.136812446,
-0.989367383
],
[
-0.377022128,
-0.919839529,
0.10839537
],
[
-0.924889064,
0.367665059,
-0.09696713
]
],
"t": [
-228.95164,
-9.01039,
-92.27185
]
},
{
"id": "H061",
"type": "hex",
"R": [
[
-0.489206464,
0.272745488,
0.828424369
],
[
0.561056594,
-0.628809263,
0.538344137
],
[
0.667751851,
0.728154386,
0.154591902
]
],
"t": [
167.65711,
10.57814,
383.47026
]
},
{
"id": "H062",
"type": "hex",
"R": [
[
-0.376349133,
0.175008453,
0.909798534
],
[
0.676243155,
-0.6193502,
0.398874071
],
[
0.633290238,
0.765360941,
0.114743642
]
],
"t": [
186.87284,
18.65421,
284.08408
]
},
{
"id": "H063",
"type": "hex",
"R": [
[
0.126648431,
-0.091697703,
0.987700211
],
[
0.164218953,
0.983916431,
0.070289348
],
[
-0.978259838,
0.153297059,
0.139669973
]
],
"t": [
197.5515,
-64.32712,
429.37968
]
},
{
"id": "H064",
"type": "hex",
"R": [
[
0.031551288,
-0.311927862,
0.949581763
],
[
0.255712452,
0.920955326,
0.294027939
],
[
-0.966237889,
0.233542921,
0.108821165
]
],
"t": [
186.48369,
18.66756,
182.89035
]
},
{
"id": "H065",
"type": "hex",
"R": [
[
0.874730539,
-0.452020306,
0.174711555
],
[
0.197617372,
0.003532923,
-0.980272866
],
[
0.442485998,
0.892000651,
0.092417421
]
],
"t": [
37.22225,
-230.08181,
280.49154
]
},
{
"id": "H066",
"type": "hex",
"R": [
[
-0.839037905,
0.537264288,
0.085804884
],
[
-0.111878864,
-0.016035912,
-0.993592456
],
[
-0.532445784,
-0.843261486,
0.073563257
]
],
"t": [
32.2099,
-225.11025,
383.15176
]
},
{
"id": "H067",
"type": "hex",
"R": [
[
0.041391503,
-0.998856222,
0.023937245
],
[
0.193966712,
-0.015468831,
-0.980886145
],
[
0.98013451,
0.04524338,
0.193104579
]
],
"t": [
30.6018,
-206.27636,
488.83281
]
},
{
"id": "H068",
"type": "hex",
"R": [
[
-0.86239282,
0.429624722,
0.267770841
],
[
-0.281699895,
0.032227832,
-0.958961175
],
[
-0.420623102,
-0.90243225,
0.093232188
]
],
"t": [
40.60065,
-233.60059,
180.63908
]
},
{
"id": "H069",
"type": "hex",
"R": [
[
-0.263197481,
-0.040666913,
-0.963884479
],
[
0.355654158,
0.924651157,
-0.136126257
],
[
0.896792733,
-0.37863761,
-0.228902499
]
],
"t": [
-219.50276,
-102.68471,
-108.05507
]
},
{
"id": "H070",
"type": "hex",
"R": [
[
0.765632092,
0.643066702,
0.016514146
],
[
-0.396949382,
0.492495876,
-0.77451856
],
[
-0.506200245,
0.586440986,
0.632335578
]
],
"t": [
37.09134,
-174.19984,
584.24045
]
},
{
"id": "H071",
"type": "hex",
"R": [
[
-0.525951244,
0.145368897,
0.837999506
],
[
0.669349599,
-0.537135998,
0.513279684
],
[
0.524734602,
0.830874722,
0.185204733
]
],
"t": [
168.64447,
108.42559,
42.4255
]
},
{
"id": "H072",
"type": "hex",
"R": [
[
0.53614899,
0.585583908,
0.607976765
],
[
-0.630096819,
-0.201648569,
0.749877226
],
[
0.561713681,
-0.785130143,
0.260860881
]
],
"t": [
114.91514,
165.60461,
-7.746
]
},
{
"id": "H073",
"type": "hex",
"R": [
[
-0.199587941,
0.929302009,
0.310744959
],
[
-0.259088416,
-0.355888089,
0.897895796
],
[
0.945006797,
0.098698754,
0.311802356
]
],
"t": [
64.72248,
229.01713,
-53.00528
]
},
{
"id": "H074",
"type": "hex",
"R": [
[
-0.18192934,
0.983231602,
0.012543231
],
[
-0.326095927,
-0.072362608,
0.942563048
],
[
0.927665436,
0.167389577,
0.333792702
]
],
"t": [
0.69695,
260.22498,
-116.13703
]
},
{
"id": "H075",
"type": "hex",
"R": [
[
0.156095017,
0.169292604,
0.973126076
],
[
-0.90603667,
-0.367807832,
0.209320211
],
[
0.393359756,
-0.914361752,
0.095972337
]
],
"t": [
200.51706,
29.14402,
85.66801
]
},
{
"id": "H076",
"type": "hex",
"R": [
[
0.855304325,
-0.388437451,
-0.342886072
],
[
-0.272054925,
0.22652496,
-0.935239306
],
[
0.440954226,
0.893198068,
0.088071457
]
],
"t": [
-115.61808,
-266.00807,
0.84473
]
},
{
"id": "H077",
"type": "hex",
"R": [
[
0.083643781,
0.993258778,
0.080254087
],
[
-0.129402238,
0.090680856,
-0.987437108
],
[
-0.988058085,
0.072207915,
0.136114798
]
],
"t": [
-30.60909,
-279.64305,
43.83155
]
},
{
"id": "H078",
"type": "hex",
"R": [
[
0.798154319,
-0.47731301,
0.367589409
],
[
0.3513526,
-0.126847884,
-0.927610352
],
[
0.489388428,
0.869529703,
0.066460981
]
],
"t": [
41.78473,
-237.36842,
82.58751
]
},
{
"id": "H079",
"type": "hex",
"R": [
[
-0.529525921,
0.270390762,
-0.804046724
],
[
0.844878378,
0.08313637,
-0.528458959
],
[
-0.076044895,
-0.959154409,
-0.272470171
]
],
"t": [
-193.1171,
-193.73946,
-117.01988
]
},
{
"id": "H080",
"type": "hex",
"R": [
[
0.113957921,
-0.993337853,
-0.017131904
],
[
0.959586553,
0.105586991,
0.260854433
],
[
-0.257307677,
-0.046165973,
0.96522612
]
],
"t": [
56.89598,
-80.14509,
599.62951
]
},
{
"id": "H081",
"type": "hex",
"R": [
[
0.583161717,
0.36208516,
0.727197875
],
[
-0.125174479,
0.924532238,
-0.359960402
],
[
-0.802654198,
0.11888851,
0.584475628
]
],
"t": [
126.80238,
-130.98621,
591.33154
]
},
{
"id": "H082",
"type": "hex",
"R": [
[
-0.507513346,
-0.49316266,
-0.706555585
],
[
-0.222118054,
-0.717414601,
0.660287711
],
[
-0.832522536,
0.492043577,
0.254557154
]
],
"t": [
-144.45215,
217.25941,
-163.72761
]
},
{
"id": "H083",
"type": "hex",
"R": [
[
0.216855581,
0.278093964,
-0.935754991
],
[
0.391514375,
0.853320392,
0.344326593
],
[
0.894253963,
-0.441030674,
0.076169505
]
],
"t": [
-194.45021,
133.90535,
-161.79531
]
},
{
"id": "H084",
"type": "hex",
"R": [
[
-0.14979627,
0.007547901,
-0.988688073
],
[
-0.552616241,
0.828556491,
0.09005238
],
[
0.819863628,
0.559854597,
-0.11994358
]
],
"t": [
-214.70162,
41.94093,
-173.61088
]
},
{
"id": "H085",
"type": "hex",
"R": [
[
0.723721556,
0.634670999,
-0.270960943
],
[
-0.029854324,
0.421071759,
0.906535875
],
[
0.689446031,
-0.647990198,
0.323686382
]
],
"t": [
-69.63828,
278.56633,
-178.06181
]
},
{
"id": "H086",
"type": "hex",
"R": [
[
-0.153391161,
0.274338852,
-0.949320465
],
[
0.980511508,
0.161595276,
-0.111732487
],
[
0.12275314,
-0.947958417,
-0.293779689
]
],
"t": [
-203.25714,
-50.55462,
-187.04962
]
},
{
"id": "H087",
"type": "hex",
"R": [
[
0.007091902,
0.043405618,
0.99903236
],
[
-0.700721422,
0.71296099,
-0.026002226
],
[
-0.713399743,
-0.699858971,
0.035471496
]
],
"t": [
198.89769,
-64.01418,
324.6214
]
},
{
"id": "H088",
"type": "hex",
"R": [
[
-0.055311063,
0.079903161,
0.995266884
],
[
-0.813613232,
0.574191013,
-0.091313688
],
[
-0.578769553,
-0.814812963,
0.033251154
]
],
"t": [
196.53239,
-63.45456,
230.5078
]
},
{
"id": "H089",
"type": "hex",
"R": [
[
-0.518776233,
-0.031697179,
0.854322251
],
[
-0.784144478,
-0.380454407,
-0.490277351
],
[
0.340571075,
-0.924256313,
0.172515536
]
],
"t": [
174.6541,
-142.75644,
476.24377
]
},
{
"id": "H090",
"type": "hex",
"R": [
[
0.092001235,
-0.100651765,
0.990658869
],
[
0.779489191,
-0.611795024,
-0.134549057
],
[
0.619622767,
0.78458656,
0.022171065
]
],
"t": [
195.52848,
-58.32947,
124.34021
]
},
{
"id": "H091",
"type": "hex",
"R": [
[
-0.700830571,
-0.422531636,
0.574720391
],
[
-0.468016428,
-0.33566314,
-0.817490599
],
[
0.538328091,
-0.841900988,
0.037491243
]
],
"t": [
114.7398,
-198.44103,
227.31252
]
},
{
"id": "H092",
"type": "hex",
"R": [
[
0.003050764,
0.850668584,
0.525693497
],
[
-0.027881961,
0.525563923,
-0.850297101
],
[
-0.999606567,
-0.012063309,
0.02532168
]
],
"t": [
114.45132,
-205.52374,
328.4232
]
},
{
"id": "H093",
"type": "hex",
"R": [
[
0.072659386,
-0.875205912,
0.478262716
],
[
0.115319886,
-0.468941602,
-0.875668372
],
[
0.99066742,
0.118778728,
0.066855637
]
],
"t": [
106.24392,
-188.41493,
431.15305
]
},
{
"id": "H094",
"type": "hex",
"R": [
[
0.084205248,
0.774792683,
0.626582616
],
[
0.050960568,
0.624644526,
-0.779244658
],
[
-0.99514446,
0.097547495,
0.013114472
]
],
"t": [
117.53629,
-200.78542,
126.37007
]
},
{
"id": "H095",
"type": "hex",
"R": [
[
0.387575205,
-0.393951462,
-0.833419286
],
[
-0.921838079,
-0.165760188,
-0.350340001
],
[
-0.000130782,
0.904060731,
-0.427403997
]
],
"t": [
-176.96637,
-142.42558,
-196.46458
]
},
{
"id": "H096",
"type": "hex",
"R": [
[
-0.078089005,
0.133948845,
0.987906784
],
[
-0.05881015,
-0.989825976,
0.129560422
],
[
0.995210266,
-0.047981702,
0.085172077
]
],
"t": [
198.36894,
35.44746,
-15.28934
]
},
{
"id": "H097",
"type": "hex",
"R": [
[
-0.11964904,
0.446994063,
0.886498965
],
[
-0.158660118,
-0.890046559,
0.427368798
],
[
0.980056669,
-0.089517764,
0.177413347
]
],
"t": [
185.13775,
121.56382,
-57.17805
]
},
{
"id": "H098",
"type": "hex",
"R": [
[
-0.185504507,
0.705429296,
0.684074255
],
[
-0.18458933,
-0.708780296,
0.680850403
],
[
0.965150173,
2.801e-05,
0.261696661
]
],
"t": [
145.64907,
198.29679,
-99.49017
]
},
{
"id": "H099",
"type": "hex",
"R": [
[
-0.589381267,
-0.696046849,
0.41005915
],
[
0.501725459,
0.082450825,
0.861088512
],
[
-0.63316766,
0.713246553,
0.300629453
]
],
"t": [
85.53872,
240.49606,
-154.95096
]
},
{
"id": "H100",
"type": "hex",
"R": [
[
0.886882184,
-0.440174846,
0.140307152
],
[
0.001103561,
0.305715539,
0.952122257
],
[
-0.461994344,
-0.844265429,
0.271619424
]
],
"t": [
25.29765,
293.92791,
-202.99443
]
},
{
"id": "H101",
"type": "hex",
"R": [
[
0.428645294,
0.280990573,
0.858666122
],
[
0.704494401,
0.491072696,
-0.512381934
],
[
-0.565641981,
0.82455558,
0.012539715
]
],
"t": [
170.73132,
-141.20653,
375.66629
]
},
{
"id": "H102",
"type": "hex",
"R": [
[
-0.163716475,
-0.065330633,
0.984341823
],
[
-0.887616836,
-0.425678415,
-0.175881321
],
[
0.430503505,
-0.902513045,
0.011702
]
],
"t": [
195.64968,
-51.35397,
28.27291
]
},
{
"id": "H103",
"type": "hex",
"R": [
[
0.791027091,
-0.451078382,
-0.413284931
],
[
-0.44147692,
0.046786921,
-0.896051959
],
[
0.423525997,
0.891257133,
-0.162130973
]
],
"t": [
-123.16159,
-262.41498,
-96.65595
]
},
{
"id": "H104",
"type": "hex",
"R": [
[
-0.030335332,
0.993073549,
0.113510762
],
[
-0.00772063,
0.113326838,
-0.993527765
],
[
-0.99950996,
-0.031015369,
0.004229346
]
],
"t": [
-35.84026,
-272.05609,
-54.97412
]
},
{
"id": "H105",
"type": "hex",
"R": [
[
-0.059964021,
-0.893245996,
0.445551239
],
[
0.012165706,
-0.446975264,
-0.894463587
],
[
0.998126401,
-0.048215188,
0.037669402
]
],
"t": [
45.40166,
-248.95652,
-10.40671
]
},
{
"id": "H106",
"type": "hex",
"R": [
[
-0.61002367,
-0.419104562,
0.672474898
],
[
-0.559090605,
-0.373738184,
-0.740092876
],
[
0.561505848,
-0.82744857,
-0.006328285
]
],
"t": [
113.77697,
-198.57919,
30.53454
]
},
{
"id": "H107",
"type": "hex",
"R": [
[
0.136129482,
0.820964569,
-0.554514148
],
[
0.413006969,
-0.555794241,
-0.721469338
],
[
-0.900496534,
-0.13080496,
-0.414724071
]
],
"t": [
-131.54459,
-226.84254,
-188.22847
]
},
{
"id": "H108",
"type": "hex",
"R": [
[
0.372822688,
-0.114698228,
-0.920786381
],
[
0.924510246,
-0.038859982,
0.37917108
],
[
-0.079271993,
-0.992640025,
0.091551804
]
],
"t": [
-192.64884,
188.94866,
-241.62514
]
},
{
"id": "H109",
"type": "hex",
"R": [
[
-0.266104263,
0.758078623,
-0.595403496
],
[
-0.431816059,
0.458483616,
0.776741698
],
[
0.861814024,
0.463799068,
0.205346079
]
],
"t": [
-125.69147,
258.22247,
-254.03955
]
},
{
"id": "H110",
"type": "hex",
"R": [
[
-0.088122129,
0.081796248,
-0.992745619
],
[
0.373191762,
0.926746428,
0.043231546
],
[
0.923559635,
-0.366674831,
-0.112192555
]
],
"t": [
-199.45735,
96.74308,
-253.12813
]
},
{
"id": "H111",
"type": "hex",
"R": [
[
-0.345001986,
-0.007794201,
-0.938569593
],
[
0.4234917,
0.89110242,
-0.163068258
],
[
0.837632622,
-0.453735305,
-0.304131325
]
],
"t": [
-193.81453,
3.138,
-267.3063
]
},
{
"id": "H112",
"type": "hex",
"R": [
[
-0.931363491,
0.341903313,
-0.125156593
],
[
-0.175134217,
-0.11933147,
0.977286041
],
[
0.319202215,
0.932127741,
0.171019943
]
],
"t": [
-38.40076,
303.9703,
-269.33213
]
},
{
"id": "H113",
"type": "hex",
"R": [
[
-0.579893313,
-0.072508639,
-0.811459329
],
[
0.356850808,
0.872791454,
-0.333005374
],
[
0.732380534,
-0.482677507,
-0.480251161
]
],
"t": [
-166.72572,
-86.67415,
-271.03749
]
},
{
"id": "H114",
"type": "hex",
"R": [
[
0.474753421,
0.217610124,
0.852792485
],
[
0.767475231,
0.371925033,
-0.522162369
],
[
-0.430802691,
0.902395481,
0.009562301
]
],
"t": [
171.80585,
-142.26585,
280.2064
]
},
{
"id": "H115",
"type": "hex",
"R": [
[
-0.012586612,
-0.509596069,
0.860321698
],
[
-0.019277764,
-0.86010627,
-0.5097505
],
[
0.999734937,
-0.02300111,
0.001001952
]
],
"t": [
168.51206,
-135.23955,
174.25716
]
},
{
"id": "H116",
"type": "hex",
"R": [
[
-0.015558874,
-0.495228588,
0.868623375
],
[
-0.065442938,
-0.866361425,
-0.495111203
],
[
0.997735007,
-0.064548639,
-0.018929606
]
],
"t": [
168.98345,
-133.94553,
72.68111
]
},
{
"id": "H117",
"type": "hex",
"R": [
[
-0.75233785,
-0.270638292,
-0.600618576
],
[
0.134696905,
0.829260956,
-0.542386403
],
[
0.644860064,
-0.488959284,
-0.587430265
]
],
"t": [
-116.34283,
-167.18585,
-267.65332
]
},
{
"id": "H118",
"type": "hex",
"R": [
[
0.014809015,
0.078809091,
0.996779725
],
[
-0.908088369,
-0.416200396,
0.046397682
],
[
0.418516675,
-0.905851178,
0.065402101
]
],
"t": [
207.74503,
42.36,
-109.56891
]
},
{
"id": "H119",
"type": "hex",
"R": [
[
0.170414721,
-0.130033384,
0.976754904
],
[
0.774568288,
-0.595058468,
-0.214358079
],
[
0.609099983,
0.793093146,
-0.000686988
]
],
"t": [
199.4235,
-45.1899,
-67.88788
]
},
{
"id": "H120",
"type": "hex",
"R": [
[
-0.132764504,
0.347875465,
0.928092801
],
[
-0.115727826,
-0.935418008,
0.334066192
],
[
0.984368151,
-0.063054029,
0.164449179
]
],
"t": [
195.4671,
128.87176,
-149.44292
]
},
{
"id": "H121",
"type": "hex",
"R": [
[
-0.638704797,
0.170217062,
0.750388122
],
[
0.588931693,
-0.519475786,
0.619115796
],
[
0.495192531,
0.837359576,
0.231545454
]
],
"t": [
167.72466,
208.74018,
-194.18428
]
},
{
"id": "H122",
"type": "hex",
"R": [
[
-0.109494467,
0.865918649,
0.488053127
],
[
-0.152582159,
-0.499828242,
0.852578685
],
[
0.982206519,
0.018884448,
0.186852164
]
],
"t": [
106.38327,
267.95093,
-246.23094
]
},
{
"id": "H123",
"type": "hex",
"R": [
[
-0.035238577,
0.973980499,
0.22387548
],
[
-0.028437539,
-0.224901136,
0.973966522
],
[
0.998974248,
0.027954727,
0.035622804
]
],
"t": [
44.78187,
318.46133,
-314.84133
]
},
{
"id": "H124",
"type": "hex",
"R": [
[
-0.416182066,
-0.249173404,
0.874474186
],
[
-0.775210489,
-0.405402446,
-0.484455936
],
[
0.475227509,
-0.879523434,
-0.024440609
]
],
"t": [
167.20291,
-128.68607,
-20.62629
]
},
{
"id": "H125",
"type": "hex",
"R": [
[
-0.858995741,
-0.511901068,
-0.009144007
],
[
-0.112037015,
0.205370898,
-0.972250226
],
[
0.499573842,
-0.834134336,
-0.233764594
]
],
"t": [
-42.20026,
-264.00352,
-150.32898
]
},
{
"id": "H126",
"type": "hex",
"R": [
[
0.760689406,
0.459509988,
0.458478132
],
[
0.415314146,
0.198285072,
-0.887804703
],
[
-0.498864498,
0.865756086,
-0.040007645
]
],
"t": [
43.53303,
-246.54937,
-105.00542
]
},
{
"id": "H127",
"type": "hex",
"R": [
[
0.58842669,
0.393170395,
0.706520396
],
[
0.59875219,
0.37533807,
-0.707543037
],
[
-0.543368977,
0.839367842,
-0.014552697
]
],
"t": [
113.22177,
-194.00944,
-63.39402
]
},
{
"id": "H128",
"type": "hex",
"R": [
[
-0.022336829,
-0.987812925,
-0.154034705
],
[
-0.538375266,
0.141709985,
-0.830704733
],
[
0.842409128,
0.064373166,
-0.534979398
]
],
"t": [
-47.63347,
-233.29209,
-241.4089
]
},
{
"id": "H129",
"type": "hex",
"R": [
[
-0.25645363,
0.484826985,
-0.836166449
],
[
-0.294725819,
0.78467495,
0.54536402
],
[
0.92052606,
0.386300425,
-0.058341709
]
],
"t": [
-176.18716,
246.10392,
-325.20019
]
},
{
"id": "H130",
"type": "hex",
"R": [
[
0.058114393,
0.203592536,
-0.977329421
],
[
0.989524967,
0.117842261,
0.0833879
],
[
0.132147863,
-0.9719379,
-0.194611566
]
],
"t": [
-184.06579,
158.09229,
-328.09449
]
},
{
"id": "H131",
"type": "hex",
"R": [
[
-0.157181621,
-0.365327658,
-0.917512747
],
[
-0.572022614,
0.791021587,
-0.216967691
],
[
0.805036687,
0.490734706,
-0.333309737
]
],
"t": [
-177.38058,
67.89122,
-351.52133
]
},
{
"id": "H132",
"type": "hex",
"R": [
[
-0.487260927,
0.434032385,
-0.757755024
],
[
0.873098376,
0.258646863,
-0.413280809
],
[
0.016613704,
-0.862970271,
-0.504981481
]
],
"t": [
-142.49634,
-20.08315,
-347.00498
]
},
{
"id": "H133",
"type": "hex",
"R": [
[
0.868434907,
0.492444537,
-0.057612416
],
[
0.131334795,
-0.116434728,
0.984476574
],
[
0.478092025,
-0.862520337,
-0.165791085
]
],
"t": [
-31.18268,
316.36543,
-379.07096
]
},
{
"id": "H134",
"type": "hex",
"R": [
[
-0.834639096,
-0.1380873,
-0.533206786
],
[
0.194962635,
0.831323901,
-0.520471077
],
[
0.515137991,
-0.538360909,
-0.666933566
]
],
"t": [
-101.60793,
-103.29625,
-339.72713
]
},
{
"id": "H135",
"type": "hex",
"R": [
[
-0.172290557,
-0.970647458,
-0.167807854
],
[
-0.693364003,
0.240505822,
-0.679266743
],
[
0.699687303,
-0.00067932,
-0.71444889
]
],
"t": [
-30.57763,
-156.49034,
-309.66506
]
},
{
"id": "H136",
"type": "hex",
"R": [
[
-0.041048692,
0.04788755,
0.998008911
],
[
-0.802983428,
0.592822679,
-0.061472643
],
[
-0.594586091,
-0.803907988,
0.014118314
]
],
"t": [
212.52168,
48.11545,
-202.40708
]
},
{
"id": "H137",
"type": "hex",
"R": [
[
-0.238771234,
0.110111151,
0.964812848
],
[
-0.771799922,
0.581453875,
-0.257364084
],
[
-0.589332825,
-0.806093621,
-0.053850681
]
],
"t": [
200.21421,
-38.31127,
-163.31132
]
},
{
"id": "H138",
"type": "hex",
"R": [
[
-0.440701226,
0.179862753,
0.879449725
],
[
-0.769066306,
0.429616654,
-0.473251041
],
[
-0.462946483,
-0.884917466,
-0.051006203
]
],
"t": [
166.39188,
-121.06316,
-115.16052
]
},
{
"id": "H139",
"type": "hex",
"R": [
[
0.178110855,
0.186090609,
0.966254008
],
[
-0.901452901,
-0.362855239,
0.236048179
],
[
0.394536679,
-0.913075222,
0.103123463
]
],
"t": [
213.98037,
135.32339,
-241.87637
]
},
{
"id": "H140",
"type": "hex",
"R": [
[
-0.08818681,
0.591828303,
0.801225527
],
[
-0.013789899,
-0.805007622,
0.593104178
],
[
0.996008497,
0.041255147,
0.079152307
]
],
"t": [
180.22518,
215.72269,
-288.50447
]
},
{
"id": "H141",
"type": "hex",
"R": [
[
-0.149266002,
0.832436098,
0.53363827
],
[
0.199590617,
-0.503210316,
0.840799003
],
[
0.968443724,
0.232011897,
-0.091034242
]
],
"t": [
113.52548,
269.56529,
-345.86033
]
},
{
"id": "H142",
"type": "hex",
"R": [
[
0.035000559,
0.96562054,
0.257588691
],
[
0.34922306,
-0.253315475,
0.902149946
],
[
0.936385719,
0.058380159,
-0.346083142
]
],
"t": [
43.19702,
277.89825,
-414.20672
]
},
{
"id": "H143",
"type": "hex",
"R": [
[
-0.880909078,
0.301154992,
0.36510939
],
[
-0.217875219,
0.426796643,
-0.877710097
],
[
-0.420154239,
-0.852731081,
-0.310354827
]
],
"t": [
41.07446,
-231.70808,
-200.10471
]
},
{
"id": "H144",
"type": "hex",
"R": [
[
0.089169283,
-0.694338414,
0.714102938
],
[
-0.065483303,
-0.719494579,
-0.691403997
],
[
0.993861548,
0.014890179,
-0.109624388
]
],
"t": [
120.34462,
-191.61782,
-157.40564
]
},
{
"id": "H145",
"type": "hex",
"R": [
[
-0.207673501,
-0.779641684,
-0.590788086
],
[
-0.541679527,
-0.411245615,
0.733116862
],
[
-0.814527474,
0.472266756,
-0.336911122
]
],
"t": [
-114.71064,
278.82347,
-417.44142
]
},
{
"id": "H146",
"type": "hex",
"R": [
[
-0.252314383,
-0.408928496,
-0.876991982
],
[
-0.730019024,
0.675333149,
-0.104868312
],
[
0.635145398,
0.613761048,
-0.468921848
]
],
"t": [
-147.34743,
126.91916,
-421.18105
]
},
{
"id": "H147",
"type": "hex",
"R": [
[
-0.468951976,
0.548580049,
-0.692202263
],
[
0.875107058,
0.182588889,
-0.448161728
],
[
-0.119464141,
-0.815917414,
-0.565691694
]
],
"t": [
-126.7239,
34.16498,
-427.21139
]
},
{
"id": "H148",
"type": "hex",
"R": [
[
-0.890961867,
-0.185789911,
-0.414329651
],
[
0.123039559,
0.779548155,
-0.614138373
],
[
0.437090629,
-0.598152809,
-0.671688171
]
],
"t": [
-71.80007,
-41.51117,
-411.83663
]
},
{
"id": "H149",
"type": "hex",
"R": [
[
-0.835170292,
0.541577935,
-0.095832794
],
[
0.280351637,
0.569113156,
0.772989764
],
[
0.473173904,
0.618711206,
-0.627138661
]
],
"t": [
-35.22303,
262.67743,
-471.95359
]
},
{
"id": "H150",
"type": "hex",
"R": [
[
-0.953726381,
-0.293461721,
-0.06546914
],
[
-0.178934213,
0.728937078,
-0.660782327
],
[
0.241637202,
-0.618490868,
-0.747716864
]
],
"t": [
-3.60484,
-97.36078,
-376.67194
]
},
{
"id": "H151",
"type": "hex",
"R": [
[
0.946126762,
0.088982514,
0.31132983
],
[
0.28756603,
-0.67285184,
-0.681598254
],
[
0.148828523,
0.734406232,
-0.662191481
]
],
"t": [
65.14984,
-144.67867,
-331.53483
]
},
{
"id": "H152",
"type": "hex",
"R": [
[
0.137979191,
-0.365254423,
0.920625303
],
[
-0.1456623,
-0.926892157,
-0.34590956
],
[
0.97966537,
-0.086372078,
-0.181095629
]
],
"t": [
193.05263,
-29.82131,
-257.42409
]
},
{
"id": "H153",
"type": "hex",
"R": [
[
-0.148998927,
-0.180392466,
0.972243734
],
[
-0.903521392,
-0.374686993,
-0.207987382
],
[
0.401806438,
-0.909432908,
-0.107160493
]
],
"t": [
217.13815,
52.55843,
-300.7647
]
},
{
"id": "H154",
"type": "hex",
"R": [
[
0.170706421,
-0.483515257,
0.858529157
],
[
-0.070837238,
-0.875086132,
-0.478754997
],
[
0.982772305,
0.020910718,
-0.183633707
]
],
"t": [
160.20272,
-110.17066,
-211.13932
]
},
{
"id": "H155",
"type": "hex",
"R": [
[
-0.091516122,
-0.174289155,
0.980432603
],
[
-0.014139198,
0.984692411,
0.173726622
],
[
-0.99570321,
0.002036256,
-0.09257954
]
],
"t": [
208.64124,
138.65294,
-345.06007
]
},
{
"id": "H156",
"type": "hex",
"R": [
[
0.055045323,
-0.83191939,
0.552159524
],
[
-0.583322426,
0.42202184,
0.693997489
],
[
-0.810373346,
-0.360288349,
-0.462046908
]
],
"t": [
125.14891,
244.93771,
-446.48394
]
},
{
"id": "H157",
"type": "hex",
"R": [
[
-0.829210183,
-0.500067178,
0.249686385
],
[
-0.263802443,
0.743975048,
0.613929474
],
[
-0.492766419,
0.443208693,
-0.748830629
]
],
"t": [
49.64911,
229.50276,
-505.55035
]
},
{
"id": "H158",
"type": "hex",
"R": [
[
0.336927327,
-0.728135477,
0.596907618
],
[
-0.237159911,
-0.679166939,
-0.694613162
],
[
0.911172406,
0.092471599,
-0.401514446
]
],
"t": [
116.25515,
-176.26235,
-254.85103
]
},
{
"id": "H159",
"type": "hex",
"R": [
[
0.589715123,
0.435143688,
-0.680357292
],
[
0.754428153,
-0.597469396,
0.271787569
],
[
-0.288226015,
-0.673557935,
-0.680621387
]
],
"t": [
-117.32775,
202.23365,
-480.81078
]
},
{
"id": "H160",
"type": "hex",
"R": [
[
0.823458931,
0.009301438,
-0.567299631
],
[
-0.15447249,
-0.95841967,
-0.239937461
],
[
-0.545942889,
0.285210832,
-0.787782421
]
],
"t": [
-99.713,
106.88228,
-497.95787
]
},
{
"id": "H161",
"type": "hex",
"R": [
[
0.933954072,
0.187891885,
-0.304017157
],
[
-0.020230102,
-0.821494995,
-0.569856751
],
[
-0.356820032,
0.538370331,
-0.763437523
]
],
"t": [
-42.03155,
24.27175,
-477.13323
]
},
{
"id": "H162",
"type": "hex",
"R": [
[
0.676451367,
-0.735110706,
0.045008856
],
[
-0.503314949,
-0.506037484,
-0.70042853
],
[
0.53766868,
0.451152207,
-0.712301956
]
],
"t": [
24.7738,
-32.56176,
-439.90864
]
},
{
"id": "H163",
"type": "hex",
"R": [
[
-0.806248007,
-0.553765637,
-0.20810519
],
[
-0.588960412,
0.784429752,
0.194410899
],
[
0.055585827,
0.279309118,
-0.958590962
]
],
"t": [
-31.67012,
179.67565,
-529.3871
]
},
{
"id": "H164",
"type": "hex",
"R": [
[
0.291146478,
0.862405777,
0.414113515
],
[
0.75526643,
0.058489112,
-0.652802914
],
[
-0.587202136,
0.502827305,
-0.634317233
]
],
"t": [
90.88611,
-67.96984,
-382.11931
]
},
{
"id": "H165",
"type": "hex",
"R": [
[
0.366692404,
0.600445127,
0.71063516
],
[
0.823771934,
0.145429179,
-0.547950868
],
[
-0.432361517,
0.786330721,
-0.441302069
]
],
"t": [
144.61662,
-94.6364,
-308.0456
]
},
{
"id": "H166",
"type": "hex",
"R": [
[
0.316424327,
0.550544431,
0.772513091
],
[
0.831777953,
0.230518086,
-0.504982028
],
[
-0.456093282,
0.802347956,
-0.38498919
]
],
"t": [
168.185,
-14.68788,
-350.47275
]
},
{
"id": "H167",
"type": "hex",
"R": [
[
0.487114375,
0.10304097,
0.867238228
],
[
0.731722569,
-0.590247179,
-0.340867055
],
[
0.476761646,
0.800619027,
-0.36291529
]
],
"t": [
193.72734,
60.85276,
-403.77508
]
},
{
"id": "H168",
"type": "hex",
"R": [
[
0.395501601,
-0.350335465,
0.849025056
],
[
-0.874807915,
-0.425297017,
0.2320206
],
[
0.279802779,
-0.834498358,
-0.474681889
]
],
"t": [
174.19902,
151.95568,
-442.67153
]
},
{
"id": "H169",
"type": "hex",
"R": [
[
-0.108010536,
0.979833936,
0.168104676
],
[
0.993446877,
0.112737297,
-0.018804355
],
[
-0.037376812,
0.164971997,
-0.98558978
]
],
"t": [
59.90371,
130.10109,
-541.7012
]
},
{
"id": "H170",
"type": "hex",
"R": [
[
-0.165441452,
-0.979732195,
0.112933396
],
[
-0.832921723,
0.077489757,
-0.547938629
],
[
0.528081934,
-0.184716441,
-0.828860246
]
],
"t": [
53.34021,
43.47409,
-496.46638
]
},
{
"id": "H171",
"type": "hex",
"R": [
[
0.500144718,
-0.703078692,
0.505505304
],
[
-0.337348737,
-0.695841448,
-0.6340351
],
[
0.797528112,
0.146577731,
-0.585204134
]
],
"t": [
